6   5   2
  0    0    1.5194376628720001e+00
  0    1    1.1325991960000001e-03
  0    2   -2.0214300059999998e-03
  0    3    3.4400584000000000e-05
  0    4    4.0415554000000001e-05
  0    5   -7.8216499999999999e-06
  0    6   -3.8245600000000004e-06
  0    7   -1.3304499999999999e-06
  0    8    2.9957700000000001e-07
  0    9    4.6336749439999996e-03
  0   10   -7.9940244500000001e-04
  0   11   -4.1767939100000002e-04
  0   12    1.2646019399999999e-04
  0   13   -2.7008550000000001e-06
  0   14   -4.0498940000000002e-06
  0   15   -2.4837169999999999e-06
  0   16   -9.8702500000000009e-07
  0   17   -5.2423699999999996e-07
  0   18    9.4051873409999997e-03
  0   19   -3.4840081200000002e-04
  0   20   -1.8603095000000000e-04
  0   21    1.4003547500000000e-04
  0   22    2.9327362999999999e-05
  0   23    1.1883774000000000e-05
  0   24    2.4995240000000002e-06
  0   25    1.2823800000000001e-07
  0   26   -3.0634300000000001e-07
  0   27    1.1924459292000001e-02
  0   28    6.1043092200000002e-04
  0   29   -1.7361310700000001e-04
  0   30    1.8816915900000001e-04
  0   31   -1.2537257999999999e-05
  0   32    8.5229999999999995e-06
  0   33    6.1686889999999998e-06
  0   34    1.4279190000000000e-06
  0   35   -1.8896500000000000e-07
  0   36    5.2959761199999997e-04
  0   37    6.5696628000000000e-05
  0   38    1.0600714200000001e-04
  0   39    1.4159517000000000e-05
  0   40    9.4440139999999997e-06
  0   41    1.1854022000000001e-05
  0   42    4.6526869999999998e-06
  0   43    1.9612800000000000e-06
  0   44    5.2290999999999996e-07
  0   45    3.5476788400000002e-04
  0   46    1.5753441999999999e-05
  0   47    8.6741879999999996e-06
  0   48    2.7314774000000000e-05
  0   49    1.5413455000000001e-05
  0   50    7.4892689999999998e-06
  0   51    3.7329069999999999e-06
  0   52    1.9081590000000001e-06
  0   53    8.4419600000000000e-07
  0   54    3.9217614300000002e-04
  0   55    2.3849476000000000e-05
  0   56    3.8217818999999997e-05
  0   57    1.5296365999999998e-05
  0   58    6.2364710000000002e-06
  0   59    8.2681260000000008e-06
  0   60    2.4898130000000000e-06
  0   61    1.5698480000000000e-06
  0   62    9.7207699999999998e-07
  0   63    3.6757409999999999e-06
  0   64   -1.2478817000000000e-05
  0   65    4.1743799999999997e-06
  0   66   -5.8694169999999999e-06
  0   67   -3.0876900000000000e-07
  0   68    9.3356500000000004e-07
  0   69    1.8313260000000000e-06
  0   70    7.4394099999999995e-07
  0   71    2.8701799999999998e-07
  0   72   -4.2642949999999996e-06
  0   73   -4.3323260000000003e-06
  0   74   -2.5348750000000000e-06
  0   75   -3.2502339999999999e-06
  0   76   -7.2087300000000005e-07
  0   77    4.0960200000000002e-07
  0   78    9.9011199999999997e-07
  0   79    7.1256899999999995e-07
  0   80    1.9805999999999999e-08
  0   81    5.1833814100000000e-04
  0   82    2.1400701100000001e-04
  0   83   -1.9438932799999999e-04
  0   84   -1.6666995000000001e-05
  0   85   -6.0724199999999998e-07
  0   86   -2.8430999999999999e-06
  0   87    1.6291429999999999e-06
  0   88    1.4863990000000000e-06
  0   89   -2.2966798000000001e-04
  0   90    2.4772874700000001e-04
  0   91   -7.2354424000000005e-05
  0   92   -5.1679204999999998e-05
  0   93   -1.1765366000000000e-05
  0   94   -1.3610270000000001e-06
  0   95    2.7695899999999999e-07
  0   96    1.4404610000000000e-06
  0   97   -2.0666438490000000e-03
  0   98    2.1230040100000001e-04
  0   99   -9.6763900000000004e-05
  0  100   -3.0939626000000002e-05
  0  101   -1.3780030000000001e-05
  0  102   -3.3428360000000001e-06
  0  103   -2.0591800000000000e-07
  0  104    5.7929300000000002e-07
  0  105   -1.6032630400000000e-04
  0  106   -1.6214206600000000e-04
  0  107   -1.7498817999999998e-05
  0  108   -1.2495153000000000e-05
  0  109   -9.2685359999999996e-06
  0  110   -3.6376880000000000e-06
  0  111   -1.8542340000000001e-06
  0  112   -6.8813699999999999e-07
  0  113   -9.6128657000000002e-05
  0  114   -1.6225210999999998e-05
  0  115   -2.7856426000000001e-05
  0  116   -1.1770470999999999e-05
  0  117   -5.8745880000000001e-06
  0  118   -4.1078379999999996e-06
  0  119   -2.0584219999999998e-06
  0  120   -7.6791700000000003e-07
  0  121   -1.5325911499999999e-04
  0  122   -4.1588965000000002e-05
  0  123    1.4896629999999999e-06
  0  124   -7.0612679999999996e-06
  0  125   -9.2812319999999994e-06
  0  126   -2.4345780000000002e-06
  0  127   -1.8791740000000001e-06
  0  128   -5.8715700000000005e-07
  0  129    1.0213411000000000e-05
  0  130    8.1251700000000000e-07
  0  131    8.1131890000000004e-06
  0  132    2.6634199999999999e-07
  0  133   -1.0400830000000000e-06
  0  134   -1.6603180000000001e-06
  0  135   -9.5498100000000007e-07
  0  136    3.3843800000000000e-07
  0  137    1.0036803000000000e-05
  0  138    4.5135750000000002e-06
  0  139    1.7351040000000000e-06
  0  140    3.8249799999999999e-07
  0  141   -5.2015800000000002e-07
  0  142   -4.6192699999999998e-07
  0  143   -2.1892700000000001e-07
  0  144    2.4558999999999998e-08
  1    0    1.4219613497879999e+00
  1    1   -1.5312895660000000e-03
  1    2    4.7054510700000001e-04
  1    3    1.6557999139999999e-03
  1    4   -5.4165966999999999e-05
  1    5    3.2928789999999999e-06
  1    6    2.6143307000000000e-05
  1    7    7.8831000000000000e-08
  1    8   -1.0855830000000000e-06
  1    9   -4.5477054120000001e-03
  1   10   -4.0474205900000002e-04
  1   11    1.1178267200000001e-04
  1   12   -9.4865198999999998e-05
  1   13    6.6846670000000003e-06
  1   14    1.0832031000000000e-05
  1   15    2.5281710000000000e-06
  1   16    2.4732099999999999e-07
  1   17    1.0795200000000000e-07
  1   18   -1.7946201610000000e-03
  1   19   -1.9876306199999999e-04
  1   20    1.7614185700000001e-04
  1   21   -4.2647276000000002e-05
  1   22    5.2665730000000000e-06
  1   23   -3.5763629999999998e-06
  1   24   -7.9731400000000004e-07
  1   25    1.3560230000000000e-06
  1   26    2.8176600000000001e-07
  1   27    7.2108289099999997e-04
  1   28   -4.9717257200000003e-04
  1   29    3.2559958800000002e-04
  1   30   -1.9056422800000001e-04
  1   31   -7.4990504000000004e-05
  1   32   -1.4166099000000000e-05
  1   33   -4.2416140000000001e-06
  1   34   -1.3407980000000001e-06
  1   35    7.3199200000000003e-07
  1   36    2.0118672200000000e-04
  1   37    2.6081965999999999e-05
  1   38    7.8194999999999998e-07
  1   39   -3.7374650999999999e-05
  1   40   -2.3122625000000000e-05
  1   41   -1.6962058000000000e-05
  1   42   -5.6220569999999998e-06
  1   43   -1.1984360000000000e-06
  1   44    3.3170000000000000e-09
  1   45   -1.2309689999999999e-06
  1   46   -1.1143602999999999e-05
  1   47   -5.4199910000000002e-06
  1   48   -2.6306873000000000e-05
  1   49   -1.6207456999999999e-05
  1   50   -1.1337229000000000e-05
  1   51   -5.2574249999999999e-06
  1   52   -1.7405709999999999e-06
  1   53   -4.3426000000000003e-07
  1   54    2.0500730000000000e-05
  1   55    2.7461660000000000e-06
  1   56   -2.1130628000000001e-05
  1   57   -8.9054249999999995e-06
  1   58   -8.0538120000000002e-06
  1   59   -8.0126759999999997e-06
  1   60   -3.5947990000000001e-06
  1   61   -2.1873740000000001e-06
  1   62   -1.1343980000000000e-06
  1   63    1.2714003000000000e-05
  1   64    5.5693540000000004e-06
  1   65    7.1294489999999997e-06
  1   66    1.0161159999999999e-06
  1   67   -8.1566599999999999e-07
  1   68   -1.6986100000000000e-06
  1   69   -1.9205270000000002e-06
  1   70   -1.0249609999999999e-06
  1   71   -7.8844200000000004e-07
  1   72   -2.4159079999999998e-06
  1   73    8.4990599999999996e-07
  1   74    2.2760809999999998e-06
  1   75    9.8765599999999993e-07
  1   76    6.1046900000000001e-07
  1   77   -3.9396800000000002e-07
  1   78   -7.0775700000000000e-07
  1   79   -6.6180700000000004e-07
  1   80   -3.3754300000000002e-07
  1   81    4.7986495400000002e-04
  1   82   -2.4736224499999999e-04
  1   83    1.2578562699999999e-04
  1   84    9.6203270000000006e-06
  1   85   -1.4194047000000000e-05
  1   86    7.4959400000000004e-07
  1   87   -5.8121800000000001e-07
  1   88   -8.0381200000000005e-07
  1   89    3.1000999600000001e-04
  1   90   -6.3595177300000000e-04
  1   91   -1.0308630000000000e-05
  1   92    1.1194349999999999e-06
  1   93   -3.2966649999999998e-06
  1   94   -1.2044420000000000e-06
  1   95   -8.3877800000000005e-07
  1   96   -7.6100000000000000e-07
  1   97    4.4272921100000002e-04
  1   98    1.2917067400000000e-04
  1   99    2.9326741400000002e-04
  1  100    6.1881607999999996e-05
  1  101    1.1759327999999999e-05
  1  102    5.0198879999999997e-06
  1  103    3.1867399999999999e-07
  1  104   -9.2154499999999996e-07
  1  105   -9.9293700000000002e-07
  1  106    1.9915959000000002e-05
  1  107    2.7564537000000001e-05
  1  108    2.2424085999999999e-05
  1  109    1.4895425999999999e-05
  1  110    5.3876300000000003e-06
  1  111    1.1189010000000000e-06
  1  112    1.1914900000000000e-07
  1  113    2.7106626999999999e-05
  1  114    2.0345851000000000e-05
  1  115    1.7445016000000000e-05
  1  116    1.5749452000000001e-05
  1  117    1.1527611000000000e-05
  1  118    5.1152620000000002e-06
  1  119    1.8984229999999999e-06
  1  120    4.6384800000000001e-07
  1  121   -7.9964580000000005e-06
  1  122    3.2825291000000001e-05
  1  123    5.2533409999999998e-06
  1  124    9.0456759999999998e-06
  1  125    6.6236779999999996e-06
  1  126    4.2702409999999999e-06
  1  127    2.5041500000000000e-06
  1  128    1.0417760000000001e-06
  1  129   -1.1433246000000000e-05
  1  130   -7.8070080000000002e-06
  1  131    2.1469600000000001e-07
  1  132    1.7974099999999999e-07
  1  133    1.7338840000000000e-06
  1  134    2.0049719999999999e-06
  1  135    1.2101320000000001e-06
  1  136    6.0024199999999998e-07
  1  137   -2.5032570000000001e-06
  1  138   -3.0529960000000001e-06
  1  139   -1.0124269999999999e-06
  1  140    2.2682099999999999e-07
  1  141    4.7256600000000000e-07
  1  142    4.0569700000000001e-07
  1  143    4.1872199999999998e-07
  1  144    2.9970500000000000e-07
  2    0    1.3915801895540001e+00
  2    1    1.7848478600000000e-03
  2    2   -1.8051150599999999e-04
  2    3   -1.0971277000000000e-05
  2    4   -8.8846430000000006e-06
  2    5   -6.3033049999999998e-06
  2    6   -1.8772370000000000e-06
  2    7    8.8414299999999995e-07
  2    8   -8.3270000000000007e-09
  2    9   -2.6480912940000001e-03
  2   10    4.7197068710000002e-03
  2   11    1.9624744520000000e-03
  2   12    1.6073575799999999e-04
  2   13    3.0134937000000000e-05
  2   14   -1.5838138000000001e-05
  2   15   -7.4778389999999998e-06
  2   16   -9.3587400000000003e-07
  2   17   -8.5266000000000004e-08
  2   18   -2.5907778930000002e-03
  2   19    1.4208703850000001e-03
  2   20    9.4397093199999999e-04
  2   21    2.6332885700000000e-04
  2   22    9.9259846000000000e-05
  2   23    1.9507979999999999e-05
  2   24    4.4101499999999998e-07
  2   25   -1.3023720000000001e-06
  2   26   -8.1653100000000005e-07
  2   27    4.4994942700000003e-04
  2   28   -1.9545451000000000e-05
  2   29    2.0841380599999999e-04
  2   30    1.7545111900000001e-04
  2   31    8.3063715999999999e-05
  2   32    2.9688993000000001e-05
  2   33    5.8721449999999998e-06
  2   34   -2.6528800000000001e-07
  2   35   -5.2716300000000005e-07
  2   36    1.0140109000000001e-04
  2   37   -1.2924380500000000e-04
  2   38    3.5735099000000000e-05
  2   39    6.4209645000000006e-05
  2   40    6.9307297999999994e-05
  2   41    3.0883458999999998e-05
  2   42    1.5492302999999999e-05
  2   43    3.3679949999999998e-06
  2   44    6.3513099999999997e-07
  2   45   -2.8615725000000000e-05
  2   46   -5.2605636000000002e-05
  2   47   -1.0140384000000000e-05
  2   48    2.1528526999999999e-05
  2   49    3.1745602999999998e-05
  2   50    2.2850714000000000e-05
  2   51    1.3541270999999999e-05
  2   52    6.1079270000000001e-06
  2   53    1.6221810000000000e-06
  2   54    3.9024890000000002e-06
  2   55   -1.5137146000000000e-05
  2   56   -3.0876995999999998e-05
  2   57   -1.3215103000000000e-05
  2   58    2.3449659999999999e-06
  2   59    7.3869569999999996e-06
  2   60    8.0429769999999995e-06
  2   61    4.6342440000000000e-06
  2   62    1.7362100000000001e-06
  2   63    2.5889278999999999e-05
  2   64    1.2809056000000000e-05
  2   65   -7.9643519999999999e-06
  2   66   -9.6785140000000006e-06
  2   67   -8.5203870000000000e-06
  2   68   -1.4886400000000001e-06
  2   69    1.1752090000000000e-06
  2   70    1.5745440000000001e-06
  2   71    7.9220800000000002e-07
  2   72   -1.1821980000000000e-06
  2   73    5.5868450000000002e-06
  2   74    4.5292669999999997e-06
  2   75    2.3298199999999999e-07
  2   76   -1.3265529999999999e-06
  2   77   -1.3810930000000000e-06
  2   78   -3.4700200000000003e-07
  2   79    2.8919999999999999e-09
  2   80    5.2384599999999996e-07
  2   81   -2.9553766839999999e-03
  2   82   -1.5968293070000000e-03
  2   83   -1.1269964100000000e-04
  2   84   -5.2984000000000000e-05
  2   85    8.5308880000000004e-06
  2   86    1.0449854000000001e-05
  2   87    2.7654290000000000e-06
  2   88    4.0439999999999997e-08
  2   89   -1.1880129310000000e-03
  2   90   -1.7452674930000000e-03
  2   91   -2.7814863599999999e-04
  2   92   -1.0161644499999999e-04
  2   93   -1.7898305000000001e-05
  2   94    2.9885240000000001e-06
  2   95    2.5521160000000001e-06
  2   96    4.4678799999999999e-07
  2   97   -2.0947416100000000e-04
  2   98   -2.5402789100000000e-04
  2   99   -1.6332716800000001e-04
  2  100   -7.4702429999999993e-05
  2  101   -2.6539421999999999e-05
  2  102   -5.5510790000000002e-06
  2  103    2.2914900000000001e-07
  2  104    3.1046500000000002e-07
  2  105    5.2868657000000000e-05
  2  106    1.3545740000000000e-06
  2  107   -4.2861385000000002e-05
  2  108   -6.6744480000000003e-05
  2  109   -3.0056034000000001e-05
  2  110   -1.5789135000000000e-05
  2  111   -4.2595240000000003e-06
  2  112   -5.6664899999999998e-07
  2  113    5.9774052999999999e-05
  2  114    2.7491782000000001e-05
  2  115   -1.8512617999999999e-05
  2  116   -3.2562682999999999e-05
  2  117   -2.4315111000000000e-05
  2  118   -1.3947678000000000e-05
  2  119   -6.0824230000000000e-06
  2  120   -1.5962080000000001e-06
  2  121    3.1115450000000000e-05
  2  122    3.1338479999999997e-05
  2  123    1.1040618999999999e-05
  2  124   -4.3742490000000003e-06
  2  125   -7.7562899999999999e-06
  2  126   -7.7026960000000007e-06
  2  127   -4.5905320000000004e-06
  2  128   -1.7959460000000000e-06
  2  129   -1.0926822000000000e-05
  2  130    4.1838160000000001e-06
  2  131    8.6895230000000000e-06
  2  132    7.2808900000000002e-06
  2  133    1.8617110000000000e-06
  2  134   -1.1209130000000001e-06
  2  135   -1.3087990000000000e-06
  2  136   -8.3524800000000002e-07
  2  137   -6.3062839999999996e-06
  2  138   -8.6692089999999996e-06
  2  139    7.7001000000000002e-08
  2  140    1.4463980000000000e-06
  2  141    1.6677240000000000e-06
  2  142    2.5566200000000000e-07
  2  143   -1.6884700000000000e-07
  2  144   -4.1296600000000002e-07
  3    0    1.5407634387510001e+00
  3    1    7.3165518200000003e-04
  3    2   -4.5080707999999999e-05
  3    3    2.2225225000000000e-05
  3    4    8.1513899999999995e-07
  3    5   -4.6477480000000000e-06
  3    6   -5.2761500000000003e-07
  3    7    1.4055900000000001e-07
  3    8   -9.4717000000000000e-08
  3    9    2.3868221900000001e-04
  3   10   -1.3876919870000001e-03
  3   11   -6.3613799899999996e-04
  3   12   -6.0177794000000002e-05
  3   13   -1.1962796000000001e-05
  3   14    5.1749360000000004e-06
  3   15    2.2769530000000002e-06
  3   16    4.3516399999999999e-07
  3   17   -7.6677999999999993e-08
  3   18   -4.4067222799999998e-04
  3   19   -3.3467609700000000e-04
  3   20   -2.4124462000000001e-04
  3   21   -1.0442047500000001e-04
  3   22   -3.5637903000000001e-05
  3   23   -9.3820779999999993e-06
  3   24   -1.2457930000000000e-06
  3   25    1.2509600000000000e-07
  3   26    3.3853400000000001e-07
  3   27   -9.0207142000000001e-04
  3   28   -1.0472747400000001e-04
  3   29   -3.8825592999999997e-05
  3   30   -1.3625434000000000e-05
  3   31    8.3359980000000007e-06
  3   32    6.9531999999999996e-07
  3   33    6.2028400000000000e-07
  3   34    3.6598099999999997e-07
  3   35   -2.2743999999999998e-08
  3   36   -7.8266057000000002e-05
  3   37    3.4231910999999997e-05
  3   38   -1.2951306000000001e-05
  3   39   -6.1287980000000000e-06
  3   40   -1.2705091000000000e-05
  3   41   -5.6247650000000000e-06
  3   42   -2.5674089999999998e-06
  3   43   -9.7041600000000008e-07
  3   44   -1.6105200000000001e-07
  3   45   -2.8781286999999999e-05
  3   46    2.2626613999999999e-05
  3   47    1.3562198000000000e-05
  3   48    1.9150800000000000e-07
  3   49   -3.9920880000000000e-06
  3   50   -3.9154580000000001e-06
  3   51   -2.1555299999999999e-06
  3   52   -1.4033410000000000e-06
  3   53   -4.1778999999999998e-07
  3   54   -4.4290757000000002e-05
  3   55    1.7235999999999999e-07
  3   56    1.5245800000000001e-06
  3   57    1.3152880000000000e-06
  3   58    1.0490530000000000e-06
  3   59   -8.0648100000000003e-07
  3   60   -4.9556199999999997e-07
  3   61   -2.2695000000000000e-07
  3   62   -1.6194699999999999e-07
  3   63   -9.2135400000000002e-06
  3   64    8.3470199999999998e-07
  3   65    2.4133360000000000e-06
  3   66    1.7518190000000000e-06
  3   67    2.0234160000000000e-06
  3   68    5.9131100000000005e-07
  3   69   -2.5427800000000002e-07
  3   70   -6.9690999999999998e-08
  3   71    8.0865000000000003e-08
  3   72    2.3518920000000001e-06
  3   73   -1.2219140000000001e-06
  3   74   -1.0030930000000000e-06
  3   75    2.3685100000000001e-07
  3   76    7.4028299999999999e-07
  3   77    7.9926399999999998e-07
  3   78    4.0308999999999999e-07
  3   79    4.4827900000000001e-07
  3   80    1.9581300000000001e-07
  3   81    8.3287927400000001e-04
  3   82    5.1626304900000001e-04
  3   83    6.0626888000000001e-05
  3   84    1.7600601000000002e-05
  3   85   -2.7768510000000002e-06
  3   86   -2.5764049999999999e-06
  3   87   -6.9125600000000001e-07
  3   88    7.1136999999999997e-08
  3   89    4.6226065800000001e-04
  3   90    4.4712503899999999e-04
  3   91    1.0108001000000000e-04
  3   92    4.4766586999999997e-05
  3   93    7.5444220000000003e-06
  3   94    6.6347400000000000e-07
  3   95   -3.0420399999999999e-07
  3   96   -1.6136299999999999e-07
  3   97    2.0449858900000001e-04
  3   98   -1.9832049000000000e-05
  3   99   -3.5030200000000001e-07
  3  100   -4.8582490000000002e-06
  3  101   -1.2615469999999999e-06
  3  102   -7.3353999999999999e-07
  3  103   -1.5344999999999999e-07
  3  104    6.2578999999999994e-08
  3  105   -1.0482036000000001e-05
  3  106    7.1141490000000001e-06
  3  107   -2.2390239999999999e-06
  3  108    1.2830584000000000e-05
  3  109    5.7842340000000001e-06
  3  110    2.5686179999999999e-06
  3  111    1.0607600000000000e-06
  3  112    2.1640500000000001e-07
  3  113   -1.7630967000000001e-05
  3  114   -2.7477295000000002e-05
  3  115    3.6084200000000000e-07
  3  116    5.3059840000000001e-06
  3  117    3.7122300000000002e-06
  3  118    2.2605470000000000e-06
  3  119    1.4445549999999999e-06
  3  120    4.7964500000000000e-07
  3  121    1.0863697000000001e-05
  3  122   -7.2624129999999999e-06
  3  123   -3.5447399999999998e-07
  3  124    5.2591999999999999e-08
  3  125    6.2941599999999998e-07
  3  126    4.0518700000000001e-07
  3  127    2.2634000000000000e-07
  3  128    9.8763999999999997e-08
  3  129    1.3890180000000000e-06
  3  130   -2.2558559999999999e-06
  3  131   -2.4960540000000001e-06
  3  132   -1.3163220000000000e-06
  3  133   -6.7194300000000000e-07
  3  134    2.2523299999999999e-07
  3  135   -5.5637999999999998e-08
  3  136   -2.1722999999999999e-08
  3  137    3.2067100000000000e-07
  3  138    1.7231440000000000e-06
  3  139    1.0282000000000001e-08
  3  140   -6.4439099999999999e-07
  3  141   -1.0229940000000000e-06
  3  142   -3.9362899999999998e-07
  3  143   -4.1069300000000001e-07
  3  144   -1.9692400000000000e-07
  5    0    1.5430134409589999e+00
  5    1   -1.0368616490000000e-03
  5    2    1.1252499660000001e-03
  5    3   -3.2547995399999997e-04
  5    4   -7.0922410000000001e-06
  5    5    6.0837360000000000e-06
  5    6   -6.6224270000000000e-06
  5    7   -1.5636640000000000e-06
  5    8    2.5310800000000002e-07
  5    9    1.1645138429999999e-03
  5   10   -4.1518504000000003e-05
  5   11    1.7522666199999999e-04
  5   12   -1.8538686000000001e-05
  5   13    5.3912129999999999e-06
  5   14    1.4213109999999999e-06
  5   15   -2.5483699999999999e-07
  5   16   -2.6386599999999999e-07
  5   17   -1.7124999999999999e-08
  5   18   -6.7697349900000005e-04
  5   19   -9.0238851000000000e-05
  5   20    6.4423391999999995e-05
  5   21   -2.2565313000000001e-05
  5   22   -6.0724399999999999e-06
  5   23    7.2717400000000002e-07
  5   24    1.2005910000000000e-06
  5   25    1.4949100000000000e-07
  5   26    6.7449999999999998e-08
  5   27   -9.6710489799999998e-04
  5   28    5.6330374000000001e-05
  5   29   -3.4196477000000001e-05
  5   30    1.3656150000000001e-06
  5   31    8.3158480000000005e-06
  5   32    3.6457640000000002e-06
  5   33    9.7652000000000006e-08
  5   34    1.2190549999999999e-06
  5   35    7.7264999999999997e-08
  5   36   -1.0280384400000000e-04
  5   37    9.3001279999999992e-06
  5   38   -5.7901020000000003e-06
  5   39    9.0627099999999995e-07
  5   40    2.6071060000000002e-06
  5   41    1.0991910000000000e-06
  5   42    6.5203200000000000e-07
  5   43    4.2910100000000003e-07
  5   44    9.9097000000000004e-08
  5   45   -3.2619359999999999e-05
  5   46    4.2321749999999998e-06
  5   47    2.2106440000000000e-06
  5   48    4.2459840000000001e-06
  5   49    1.7291070000000001e-06
  5   50    1.3430990000000001e-06
  5   51    2.7770299999999998e-07
  5   52    3.0666200000000002e-07
  5   53    3.9043000000000001e-08
  5   54   -7.0877831000000006e-05
  5   55   -8.0967500000000000e-07
  5   56    8.1195629999999998e-06
  5   57    5.9605500000000003e-07
  5   58    1.2170260000000000e-06
  5   59    2.1748599999999999e-07
  5   60    6.9413199999999998e-07
  5   61    1.3994900000000000e-07
  5   62   -2.4648000000000000e-08
  5   63   -1.2908074000000000e-05
  5   64   -1.2212450000000000e-06
  5   65   -3.3250619999999999e-06
  5   66   -2.0170000000000001e-08
  5   67    2.3916500000000001e-07
  5   68    2.9018700000000000e-07
  5   69    2.7816600000000000e-07
  5   70    3.0123999999999999e-08
  5   71   -1.8174000000000001e-08
  5   72    1.5920899999999999e-06
  5   73   -1.0976830000000000e-06
  5   74   -1.2578099999999999e-06
  5   75   -7.0759200000000000e-07
  5   76   -4.0212099999999998e-07
  5   77   -2.0587000000000001e-08
  5   78    9.5961999999999996e-08
  5   79    3.8338999999999997e-08
  5   80   -4.1329999999999997e-09
  5   81    9.3085581000000003e-05
  5   82    1.3935133500000000e-04
  5   83    8.0666330000000003e-06
  5   84   -5.5106460000000002e-06
  5   85   -1.2441740000000000e-06
  5   86   -6.1452899999999996e-07
  5   87   -1.9858600000000000e-07
  5   88    6.8399000000000003e-08
  5   89    5.8852055000000002e-05
  5   90    2.1033523199999999e-04
  5   91    2.6305757000000000e-05
  5   92    7.0249789999999997e-06
  5   93   -7.9986700000000000e-07
  5   94   -2.8476200000000002e-07
  5   95   -5.4790999999999997e-08
  5   96   -1.6257999999999999e-08
  5   97    4.4076823999999997e-05
  5   98    3.2929153000000001e-05
  5   99   -7.0731456000000005e-05
  5  100   -1.1940670000000001e-06
  5  101   -1.6974630000000001e-06
  5  102   -1.1960600000000000e-06
  5  103   -1.0100280000000000e-06
  5  104   -1.2721000000000000e-08
  5  105    4.1391550000000004e-06
  5  106   -8.8400849999999992e-06
  5  107   -5.4001570000000003e-06
  5  108   -6.7893600000000001e-07
  5  109   -1.0314680000000000e-06
  5  110   -3.7130000000000000e-07
  5  111   -2.4777499999999998e-07
  5  112   -8.7977999999999995e-08
  5  113   -9.7426959999999998e-06
  5  114   -9.2220810000000007e-06
  5  115   -1.4398120000000001e-06
  5  116   -2.2863920000000000e-06
  5  117   -1.4601320000000000e-06
  5  118   -1.6832800000000000e-07
  5  119   -1.9110499999999999e-07
  5  120   -1.0256800000000000e-07
  5  121    2.0041963000000001e-05
  5  122   -6.8920560000000001e-06
  5  123   -6.9998000000000005e-07
  5  124   -7.9184800000000004e-07
  5  125   -1.3428400000000001e-07
  5  126   -7.4842800000000004e-07
  5  127   -2.6505000000000001e-07
  5  128   -8.2493999999999997e-08
  5  129    6.9572260000000004e-06
  5  130    3.9864300000000000e-06
  5  131   -2.8614300000000002e-07
  5  132   -5.6435000000000002e-08
  5  133   -1.9072800000000001e-07
  5  134   -3.3747000000000002e-07
  5  135   -1.4849200000000000e-07
  5  136   -1.0627000000000000e-08
  5  137    8.3668499999999998e-07
  5  138    1.6352870000000001e-06
  5  139    7.1161300000000003e-07
  5  140    1.8798500000000000e-07
  5  141   -2.1028000000000001e-08
  5  142   -2.3067000000000001e-08
  5  143   -2.4459000000000001e-08
  5  144    1.7631999999999999e-08
  7    0    9.6154773436800001e-01
  7    1    1.0583921060000000e-03
  7    2    3.8260925099999998e-04
  7    3   -1.0941583029999999e-03
  7    4    3.6240618999999999e-05
  7    5   -1.4481260000000000e-06
  7    6   -1.0788372999999999e-05
  7    7    1.0704930000000000e-06
  7    8    5.6537199999999999e-07
  7    9    1.3026735500000001e-04
  7   10    4.2668209000000003e-04
  7   11    4.0040051099999999e-04
  7   12    1.0319498700000000e-04
  7   13    4.4240299999999997e-05
  7   14   -4.0024979999999997e-06
  7   15   -2.5832340000000002e-06
  7   16   -5.7361200000000001e-07
  7   17   -4.9746000000000001e-08
  7   18    6.4395474999999995e-05
  7   19    3.5395653800000002e-04
  7   20    2.8782202800000002e-04
  7   21    1.6262280699999999e-04
  7   22    6.8520984999999996e-05
  7   23    1.8548866000000002e-05
  7   24    3.4343700000000001e-06
  7   25   -8.6559600000000002e-07
  7   26   -7.1740999999999996e-07
  7   27   -7.3957942000000000e-05
  7   28   -2.7621666199999998e-04
  7   29    7.3276551999999998e-05
  7   30    4.7655628999999998e-05
  7   31    1.1435594800000001e-04
  7   32    4.1004770999999998e-05
  7   33    1.4787905999999999e-05
  7   34    4.7473399999999997e-06
  7   35   -1.8988999999999999e-08
  7   36   -2.5092688000000002e-05
  7   37   -6.4364800000000004e-06
  7   38    3.8814445999999998e-05
  7   39    6.4058105999999999e-05
  7   40    5.5171727000000000e-05
  7   41    3.0896075000000002e-05
  7   42    1.4666993000000000e-05
  7   43    5.7040699999999998e-06
  7   44    1.0798550000000001e-06
  7   45   -1.7791860000000001e-06
  7   46   -9.3313970000000003e-06
  7   47    1.4746530000000000e-06
  7   48    8.2268459999999997e-06
  7   49    1.7730466999999999e-05
  7   50    1.6750280000000000e-05
  7   51    1.1061206000000000e-05
  7   52    6.0350370000000002e-06
  7   53    2.1897130000000001e-06
  7   54    9.2661350000000000e-06
  7   55    1.2413588000000000e-05
  7   56   -5.7371919999999997e-06
  7   57   -2.5803659999999998e-06
  7   58    1.2640000000000001e-06
  7   59    1.6258139999999999e-06
  7   60    5.0385350000000000e-06
  7   61    3.4648400000000001e-06
  7   62    1.8220460000000001e-06
  7   63    1.2786200000000001e-07
  7   64    3.6915309999999999e-06
  7   65    1.4299470000000001e-06
  7   66    7.7372999999999998e-07
  7   67   -2.9708699999999999e-07
  7   68    6.8327599999999996e-07
  7   69    1.4545920000000000e-06
  7   70    1.4726939999999999e-06
  7   71    1.4472779999999999e-06
  7   72   -6.9216600000000003e-07
  7   73    4.3572100000000001e-07
  7   74    1.8034150000000000e-06
  7   75    1.0546450000000000e-06
  7   76   -3.9077299999999997e-07
  7   77   -6.4124300000000002e-07
  7   78   -1.9249000000000000e-07
  7   79    1.5676399999999999e-07
  7   80    6.2915400000000005e-07
  7   81   -1.6210198900000000e-04
  7   82   -3.4869175500000000e-04
  7   83   -1.3442645800000000e-04
  7   84   -3.6220304000000000e-05
  7   85    2.3167420000000001e-06
  7   86    1.9178309999999999e-06
  7   87    1.1764440000000000e-06
  7   88    4.1221299999999999e-07
  7   89    2.2161506100000001e-04
  7   90   -2.2284931900000001e-04
  7   91   -1.4839516300000000e-04
  7   92   -6.4919832999999998e-05
  7   93   -1.7869493999999999e-05
  7   94   -1.7877460000000001e-06
  7   95    8.2949699999999998e-07
  7   96    8.5835800000000002e-07
  7   97    4.3837011400000002e-04
  7   98   -1.2729106600000001e-04
  7   99   -8.7664034000000006e-05
  7  100   -8.5651138000000001e-05
  7  101   -3.8212815999999998e-05
  7  102   -1.5953279000000001e-05
  7  103   -4.5729979999999996e-06
  7  104   -1.3923299999999999e-07
  7  105    2.8679767999999999e-05
  7  106   -3.4009613999999999e-05
  7  107   -5.2905892999999999e-05
  7  108   -5.3035726999999998e-05
  7  109   -3.0852999000000002e-05
  7  110   -1.5130844000000000e-05
  7  111   -5.7365290000000002e-06
  7  112   -1.2174170000000000e-06
  7  113    6.4905419999999998e-06
  7  114    5.1304110000000001e-06
  7  115   -5.0124580000000000e-06
  7  116   -1.9487536000000001e-05
  7  117   -1.6989863000000000e-05
  7  118   -1.1289209999999999e-05
  7  119   -6.0556040000000002e-06
  7  120   -2.1840920000000002e-06
  7  121    8.5184109999999997e-06
  7  122    5.3013699999999998e-07
  7  123   -8.6430899999999996e-07
  7  124   -1.4289710000000000e-06
  7  125   -2.3786029999999998e-06
  7  126   -5.1275119999999999e-06
  7  127   -3.3375019999999999e-06
  7  128   -1.7113090000000001e-06
  7  129   -6.6467229999999998e-06
  7  130   -2.7551180000000002e-06
  7  131   -2.7273410000000002e-06
  7  132    5.7721899999999995e-07
  7  133   -6.5521399999999995e-07
  7  134   -1.4042000000000000e-06
  7  135   -1.4263129999999999e-06
  7  136   -1.3823420000000000e-06
  7  137   -2.5180709999999999e-06
  7  138   -2.1393769999999998e-06
  7  139   -9.5496300000000000e-07
  7  140    5.0608100000000002e-07
  7  141    7.6643399999999997e-07
  7  142    2.4221899999999998e-07
  7  143   -1.0853400000000000e-07
  7  144   -6.1275699999999996e-07
  8    0    1.1119760322300201e+02
  8    1    2.6732832414469998e+00
  8    2   -7.9214840080100002e-01
  8    3    1.3259484648900000e-01
  8    4    6.9581266917000006e-02
  8    5    3.6704669250000000e-03
  8    6   -9.3651456699999996e-04
  8    7   -3.9571218999999997e-05
  8    8   -3.0922972299999999e-04
  8    9    8.3166433972400000e-01
  8   10   -5.4465244598300000e-01
  8   11   -9.8175929302000003e-02
  8   12   -1.2294830931999999e-02
  8   13   -4.2618339699999999e-04
  8   14    2.1316858300000001e-03
  8   15    1.0989025250000000e-03
  8   16    1.4417947099999999e-04
  8   17   -3.5454738500000001e-04
  8   18   -7.4706661484400005e-01
  8   19   -3.0041275585999999e-01
  8   20   -5.4878574162000003e-02
  8   21   -7.2782603811000005e-02
  8   22   -1.2907633284999999e-02
  8   23   -2.5667570230000001e-03
  8   24    1.0141137220000000e-03
  8   25    7.7137480399999995e-04
  8   26    1.5943819100000000e-04
  8   27    6.3360716078099999e-01
  8   28    5.5651566079999999e-02
  8   29   -1.7064092108400000e-01
  8   30    2.8724363526999998e-02
  8   31   -2.2284773673000000e-02
  8   32   -5.6595050500000002e-03
  8   33   -2.2958220720000000e-03
  8   34    6.7779444699999996e-04
  8   35    1.8772531700000000e-04
  8   36    1.1372866288400001e-01
  8   37    2.7188846475000000e-02
  8   38   -2.6923742790000002e-03
  8   39   -1.8165597344000001e-02
  8   40   -1.1178129449000001e-02
  8   41   -3.4961320720000000e-03
  8   42   -1.3193971730000001e-03
  8   43    6.8603714000000000e-05
  8   44    1.0638600600000000e-04
  8   45    2.0105651764000001e-02
  8   46    1.8890440620000001e-02
  8   47    9.6530222290000002e-03
  8   48    5.8993202280000004e-03
  8   49    1.6518772239999999e-03
  8   50   -1.1195511080000001e-03
  8   51   -7.9258714800000004e-04
  8   52   -1.1456957800000000e-04
  8   53   -2.1668485099999999e-04
  8   54   -5.4331718775000003e-02
  8   55   -6.0229686309999997e-03
  8   56    1.9906497453000001e-02
  8   57    7.3293397569999998e-03
  8   58    6.5619523890000000e-03
  8   59    3.8695018810000000e-03
  8   60    6.5972298800000002e-04
  8   61    3.1363802200000000e-04
  8   62   -1.3828795000000000e-05
  8   63   -1.2890521351000000e-02
  8   64   -5.3258237530000004e-03
  8   65   -2.7075062610000000e-03
  8   66   -3.5140508499999999e-04
  8   67    4.7675053899999997e-04
  8   68    3.8472469500000001e-04
  8   69    4.0423271399999999e-04
  8   70    1.1283352000000000e-04
  8   71   -3.7369791300000002e-04
  8   72   -9.6063563000000002e-04
  8   73   -1.4316673710000000e-03
  8   74   -1.9396098800000001e-03
  8   75   -1.8422406460000000e-03
  8   76   -6.9530762900000002e-04
  8   77    8.5244674999999999e-05
  8   78    4.2853388600000002e-04
  8   79    6.4525605000000005e-05
  8   80   -1.8748515499999999e-04
  8   81    3.2565121375799999e-01
  8   82    2.5022147956899998e-01
  8   83    3.3862882455000000e-02
  8   84    2.2873447129999999e-03
  8   85   -3.5141526619999999e-03
  8   86   -2.8974668780000000e-03
  8   87   -5.1135333399999995e-04
  8   88    3.4696630200000002e-04
  8   89    3.9680466038700002e-01
  8   90    1.5403906600400000e-01
  8   91    7.7762570776999995e-02
  8   92    1.0347720518000000e-02
  8   93    8.9974142900000004e-04
  8   94   -1.7222716960000001e-03
  8   95   -1.0066647000000000e-03
  8   96    2.1490988600000001e-04
  8   97   -4.1345701509000000e-02
  8   98    2.3772351582000001e-01
  8   99   -8.1011092012000005e-02
  8  100    1.8584629121000000e-02
  8  101    2.3000084560000000e-03
  8  102    2.2060326129999999e-03
  8  103    1.5002006499999999e-04
  8  104    7.6548475999999995e-05
  8  105   -3.4487756068000003e-02
  8  106   -2.2940304958000000e-02
  8  107    1.3099763699999999e-02
  8  108    8.5422051770000004e-03
  8  109    4.0964644540000001e-03
  8  110    1.9291784299999999e-03
  8  111    4.8433670000000001e-05
  8  112   -9.0248191000000003e-05
  8  113   -3.4743455909999998e-02
  8  114   -1.9074436403000002e-02
  8  115   -8.0415266260000003e-03
  8  116   -8.4005206299999995e-04
  8  117    2.0843763879999999e-03
  8  118    9.4583668500000000e-04
  8  119    6.5185689000000005e-05
  8  120    1.3906526600000001e-04
  8  121    8.3293872079999998e-03
  8  122   -2.9249632343000001e-02
  8  123   -1.7904178290000000e-03
  8  124   -4.6548478440000002e-03
  8  125   -3.5985714270000001e-03
  8  126   -6.5300868900000002e-04
  8  127   -4.7966143100000000e-04
  8  128    9.8273050000000003e-06
  8  129    9.1388181879999992e-03
  8  130    5.2246063280000001e-03
  8  131    2.1450242240000001e-03
  8  132    9.2027506999999999e-05
  8  133   -7.4326356599999999e-04
  8  134   -4.9798924799999999e-04
  8  135   -1.9971889800000000e-04
  8  136    4.1700510200000000e-04
  8  137    4.9793712090000003e-03
  8  138    4.1428279030000003e-03
  8  139    1.9359470140000001e-03
  8  140    1.9175162999999999e-04
  8  141   -2.5777901700000001e-04
  8  142   -3.4088267899999998e-04
  8  143   -2.6198905000000001e-05
  8  144    1.8665120300000000e-04
  9    0    1.1007486814107401e+02
  9    1   -1.4093994030300000e-01
  9    2    8.5819095309999996e-02
  9    3    2.1283836330999999e-02
  9    4    2.9241973620000002e-03
  9    5    1.0948347969999999e-03
  9    6   -6.9718188200000000e-04
  9    7   -4.1108243600000000e-04
  9    8   -1.1121546300000000e-04
  9    9    5.6826468853000001e-01
  9   10   -4.9333221172899999e-01
  9   11   -7.9555856720000002e-03
  9   12    2.3272304210000001e-03
  9   13    5.3255312640000003e-03
  9   14    4.3939742120000002e-03
  9   15    3.9498993300000001e-04
  9   16   -6.0267457699999995e-04
  9   17   -1.7064957300000000e-04
  9   18   -2.2758257254600001e-01
  9   19   -1.7458425561999999e-01
  9   20   -1.5989079410599999e-01
  9   21   -2.4540195019999999e-02
  9   22   -1.7704617950000001e-02
  9   23   -1.2925773800000000e-04
  9   24    5.5394013499999995e-04
  9   25    2.6527542600000002e-04
  9   26   -1.0066885700000000e-04
  9   27    4.3446755328100001e-01
  9   28   -2.8623505124000002e-02
  9   29   -5.9571517152999999e-02
  9   30   -1.9269339811999998e-02
  9   31   -1.2031292395999999e-02
  9   32   -1.2095683160000001e-03
  9   33    8.8227550000000005e-05
  9   34    4.0804100199999998e-04
  9   35   -6.5706453999999999e-05
  9   36    1.4896142017299999e-01
  9   37    6.5643658110000003e-02
  9   38   -1.3511933461999999e-02
  9   39    1.6423948784000001e-02
  9   40   -3.6401814260000002e-03
  9   41   -8.0176776899999996e-04
  9   42   -1.1416955229999999e-03
  9   43    2.2244777999999999e-04
  9   44   -1.9887543000000001e-04
  9   45   -2.2738720851000000e-02
  9   46    7.7427881490000003e-03
  9   47    2.6349061396999999e-02
  9   48    6.3748163010000003e-03
  9   49    2.9886100820000002e-03
  9   50    1.9066567510000001e-03
  9   51   -3.0584448200000002e-04
  9   52   -4.6857158999999997e-05
  9   53   -1.9781034800000000e-04
  9   54   -4.0651032348999999e-02
  9   55   -4.7288439390000001e-03
  9   56    7.8353215859999995e-03
  9   57    6.2774581129999996e-03
  9   58    4.3110522329999996e-03
  9   59    1.5754428060000001e-03
  9   60    2.2513658600000001e-04
  9   61    4.9320551000000003e-05
  9   62   -2.7920073999999998e-04
  9   63   -1.8978103092000001e-02
  9   64   -7.0296033979999999e-03
  9   65    2.2590016190000002e-03
  9   66    1.6220563770000000e-03
  9   67    2.7220624900000001e-03
  9   68    1.8655420420000000e-03
  9   69    1.1989150879999999e-03
  9   70    3.1482834000000001e-04
  9   71   -1.5592113699999999e-04
  9   72    2.8351094430000001e-03
  9   73   -6.4270951499999999e-04
  9   74   -4.3567550069999999e-03
  9   75   -2.3182227749999999e-03
  9   76   -7.8241030699999995e-04
  9   77   -8.2405745999999995e-05
  9   78    4.2860091200000000e-04
  9   79    1.1889052000000000e-04
  9   80   -1.3164880099999999e-04
  9   81    3.4578601009400001e-01
  9   82    3.6090435037500002e-01
  9   83    1.4963969780500000e-01
  9   84   -3.8811673829999998e-03
  9   85   -6.1817645659999997e-03
  9   86   -3.2426429999999998e-06
  9   87   -4.2470481299999998e-04
  9   88    2.8391582599999999e-04
  9   89    2.6584945443300001e-01
  9   90    3.4668511124000001e-01
  9   91    1.5430880890000000e-02
  9   92    8.9084927089999998e-03
  9   93   -1.9006347229999999e-03
  9   94   -6.8146757900000002e-04
  9   95   -3.7708512399999998e-04
  9   96    4.9962890899999995e-04
  9   97    1.5793973752000000e-02
  9   98    6.8635133202000001e-02
  9   99    1.0121739742999999e-02
  9  100    7.2017446330000000e-03
  9  101    1.6975040600000001e-04
  9  102    1.0106341000000001e-04
  9  103   -1.1345046200000000e-04
  9  104    2.1430958899999999e-04
  9  105   -8.1576384668000004e-02
  9  106    4.1557524729999998e-03
  9  107   -3.1560713906000001e-02
  9  108    1.3531133160000000e-03
  9  109    9.7603341400000004e-04
  9  110    1.5312766779999999e-03
  9  111    1.6666547799999999e-04
  9  112    5.2041089000000002e-05
  9  113   -2.0821845475000000e-02
  9  114   -4.7021321555000002e-02
  9  115   -2.5076481369999998e-03
  9  116   -2.2714399339999998e-03
  9  117   -6.6155593600000003e-04
  9  118    4.2662908099999999e-04
  9  119   -4.9192523999999999e-05
  9  120    5.5141976000000003e-05
  9  121    4.5691221540000004e-03
  9  122   -1.1872491448999999e-02
  9  123   -4.0170780729999996e-03
  9  124   -2.4790302370000000e-03
  9  125   -1.6735303610000000e-03
  9  126   -4.1688773899999998e-04
  9  127   -9.1573118999999998e-05
  9  128    3.4185798700000000e-04
  9  129    1.2573149614000001e-02
  9  130   -3.6572933499999998e-04
  9  131    4.6654200799999999e-04
  9  132   -2.6699234419999998e-03
  9  133   -2.2632647039999999e-03
  9  134   -1.1934495610000000e-03
  9  135   -4.1069126200000001e-04
  9  136    2.2339293800000001e-04
  9  137    3.3409811079999998e-03
  9  138    7.6708368809999998e-03
  9  139    1.5175251200000000e-03
  9  140    3.7992283100000003e-04
  9  141   -4.3051050000000002e-05
  9  142   -4.0754139800000002e-04
  9  143   -4.5606445999999997e-05
  9  144    1.6221434300000000e-04
 10    0    1.5681738075896101e+02
 10    1    4.6544343618000000e-01
 10    2    1.3620908934000000e-02
 10    3    1.9748047440000002e-03
 10    4    2.2479985580000001e-03
 10    5   -7.0137828700000005e-04
 10    6   -1.5334776799999999e-04
 10    7    5.2372574999999999e-05
 10    8   -3.8234420000000002e-05
 10    9   -6.8447924256000006e-02
 10   10    1.7264415380400000e-01
 10   11   -1.7758203277000000e-02
 10   12    2.0066452220000000e-03
 10   13   -1.7511857159999999e-03
 10   14   -2.0924347130000000e-03
 10   15   -1.6367419099999999e-04
 10   16    3.8436618599999999e-04
 10   17    2.4437798999999999e-05
 10   18    1.6172879572800000e-01
 10   19   -5.0333487600000000e-04
 10   20    3.4792783638000001e-02
 10   21    5.0457032999999998e-05
 10   22    7.2459284030000001e-03
 10   23   -4.5546561999999998e-05
 10   24    1.4841131400000000e-04
 10   25   -7.6400274000000003e-05
 10   26    7.0952795999999998e-05
 10   27    2.0954654643199999e-01
 10   28    9.8793182539000005e-02
 10   29    1.1754463634200001e-01
 10   30    3.9773563044000003e-02
 10   31    1.4704807052000000e-02
 10   32    3.5495165140000001e-03
 10   33   -3.3504443200000001e-04
 10   34   -1.1086263400000000e-04
 10   35   -5.1692995999999997e-05
 10   36   -8.0330236878000005e-02
 10   37   -4.6380156275000001e-02
 10   38    6.6204853340000001e-03
 10   39   -1.4848506995000000e-02
 10   40    1.0411963890000001e-03
 10   41    8.6051273200000002e-04
 10   42    1.1988065670000001e-03
 10   43    3.6692720999999999e-05
 10   44    1.6543941800000001e-04
 10   45    5.9140274869999999e-03
 10   46   -5.8132301440000003e-03
 10   47   -1.6277162440000000e-02
 10   48   -2.9053659590000001e-03
 10   49   -8.8746061400000000e-04
 10   50   -7.9044136599999996e-04
 10   51    3.5881001199999999e-04
 10   52    1.3037272300000000e-04
 10   53    1.1142789800000001e-04
 10   54    2.6102253746000000e-02
 10   55    2.5830225860000002e-03
 10   56    2.5478810200000001e-04
 10   57   -8.2371755000000004e-04
 10   58    7.4408939999999994e-05
 10   59    6.3696088600000004e-04
 10   60    3.9309412199999997e-04
 10   61    2.5784581599999997e-04
 10   62    2.1636448000000001e-04
 10   63    1.2213459761000000e-02
 10   64    2.5241227409999998e-03
 10   65   -3.2134917980000000e-03
 10   66   -1.7403127300000001e-03
 10   67   -2.1028659659999998e-03
 10   68   -1.2715251340000000e-03
 10   69   -6.4746881999999998e-04
 10   70   -8.0047644000000003e-05
 10   71    1.0705973000000000e-04
 10   72   -1.8980744980000000e-03
 10   73    4.9126738000000002e-05
 10   74    2.1476214810000000e-03
 10   75    9.4259677400000002e-04
 10   76    2.1311528100000001e-04
 10   77   -7.8328128000000003e-05
 10   78   -2.4613800799999999e-04
 10   79   -8.6226227999999994e-05
 10   80    7.5144182000000002e-05
 10   81   -1.6013788752600000e-01
 10   82   -1.8430620451900001e-01
 10   83   -1.0441478264500000e-01
 10   84    7.9487837599999996e-04
 10   85    2.7186307219999998e-03
 10   86   -4.1570132399999999e-04
 10   87    3.1429674799999998e-04
 10   88   -3.1114222000000001e-05
 10   89   -5.8205795769000000e-02
 10   90   -1.4184574225800001e-01
 10   91    3.4347850000000001e-03
 10   92   -2.7356254760000000e-03
 10   93    9.3535439500000005e-04
 10   94   -1.5734744800000001e-04
 10   95    1.9642542699999999e-04
 10   96   -2.2633247000000001e-04
 10   97   -1.5473856051800000e-01
 10   98   -1.1042802689099999e-01
 10   99   -3.5349252424999998e-02
 10  100   -1.3302119201999999e-02
 10  101   -3.6018587759999998e-03
 10  102   -1.4119600200000000e-04
 10  103    2.6659467899999999e-04
 10  104    1.1001510000000000e-05
 10  105    4.9905086554000000e-02
 10  106   -6.0857010620000004e-03
 10  107    2.5193756708999999e-02
 10  108   -7.6074861200000005e-04
 10  109   -6.4299030900000003e-04
 10  110   -1.2541025820000001e-03
 10  111   -3.2940295499999999e-04
 10  112   -9.4861831999999994e-05
 10  113    1.2702084089999999e-02
 10  114    2.7589285860999999e-02
 10  115    3.1621376400000001e-04
 10  116    9.8898493499999999e-04
 10  117    2.1163524900000001e-04
 10  118   -4.9535865399999999e-04
 10  119   -5.2341715999999998e-05
 10  120   -4.7772984999999997e-05
 10  121   -4.5947677720000000e-03
 10  122    4.5428934600000000e-04
 10  123    3.3725756999999999e-04
 10  124   -8.3594855700000004e-04
 10  125   -6.1206856200000004e-04
 10  126   -2.5664640900000001e-04
 10  127   -2.8681266899999999e-04
 10  128   -2.2864272900000000e-04
 10  129   -5.9127511010000000e-03
 10  130    2.4092742650000001e-03
 10  131    1.0685638869999999e-03
 10  132    2.0233429310000002e-03
 10  133    1.3971434039999999e-03
 10  134    6.2113501500000003e-04
 10  135    1.7797422600000001e-04
 10  136   -1.1565504900000000e-04
 10  137   -8.1086808900000004e-04
 10  138   -3.8684233440000001e-03
 10  139   -5.5497660099999998e-04
 10  140    8.5621590000000003e-06
 10  141    9.8627780000000003e-05
 10  142    2.7936246599999999e-04
 10  143    5.0970717000000003e-05
 10  144   -7.2726272000000005e-05
 12    0    1.5432616300558399e+02
 12    1    3.1222405702000001e-02
 12    2   -1.8568046754600001e-01
 12    3   -1.1873741537700000e-01
 12    4   -6.7706409249999999e-03
 12    5   -9.1988599040000001e-03
 12    6    1.7906291000000001e-04
 12    7    6.9318755500000001e-04
 12    8   -5.6207310000000000e-06
 12    9   -2.9874158765800002e-01
 12   10    1.9603075988999999e-01
 12   11    1.8193735458000002e-02
 12   12   -1.0345702274000000e-02
 12   13   -5.3468392199999999e-04
 12   14   -1.6028986330000000e-03
 12   15    1.6755735799999999e-04
 12   16   -3.1984004999999998e-05
 12   17    1.3783923800000000e-04
 12   18    5.1910692863800001e-01
 12   19    1.0526967902800000e-01
 12   20    1.9948855538000000e-02
 12   21    1.5879571071000000e-02
 12   22    1.7736494220000000e-03
 12   23    2.3492534999999999e-04
 12   24   -5.4004027699999996e-04
 12   25   -3.5369598299999998e-04
 12   26    1.5985813000000001e-05
 12   27    8.0278707206000000e-02
 12   28   -7.0799368116000003e-02
 12   29    9.7630750113000001e-02
 12   30   -3.2192642645999997e-02
 12   31    2.1625737330000002e-03
 12   32   -1.4215957210000000e-03
 12   33   -2.4240651999999999e-05
 12   34   -4.9882877100000005e-04
 12   35    4.8363988000000000e-05
 12   36   -5.7748754896000003e-02
 12   37   -1.2054110999000001e-02
 12   38   -7.8866383300000003e-04
 12   39    1.6810684350000000e-03
 12   40    1.4268272300000000e-03
 12   41   -9.9383306899999990e-04
 12   42   -3.4885559499999997e-04
 12   43   -3.0620220300000000e-04
 12   44   -4.9352153000000003e-05
 12   45   -1.7488481502999999e-02
 12   46   -1.0379228730000000e-02
 12   47   -3.1329477890000000e-03
 12   48   -5.6711769359999997e-03
 12   49   -2.7547890419999999e-03
 12   50   -9.8212275600000000e-04
 12   51   -2.1994915100000001e-04
 12   52   -1.9318806700000001e-04
 12   53    4.1322239000000002e-05
 12   54    3.5516239707999997e-02
 12   55    2.3184482019999999e-03
 12   56   -1.1025700308000000e-02
 12   57   -2.6479942880000000e-03
 12   58   -3.9261636750000002e-03
 12   59   -2.4072813069999999e-03
 12   60   -8.5123718099999995e-04
 12   61   -4.3699294400000000e-04
 12   62   -1.4007830300000001e-04
 12   63    7.8883458399999998e-03
 12   64    2.1729207109999998e-03
 12   65    1.5473963020000000e-03
 12   66    5.5051767999999999e-05
 12   67   -4.2220666200000001e-04
 12   68   -3.3867469300000001e-04
 12   69   -3.4772212500000000e-04
 12   70   -1.5689574200000001e-04
 12   71    6.1255334000000003e-05
 12   72   -1.5570142600000001e-04
 12   73    4.9987054900000000e-04
 12   74    8.1076158099999997e-04
 12   75    8.2148601000000003e-04
 12   76    3.6656957400000000e-04
 12   77   -5.3925653000000003e-05
 12   78   -2.4704776400000000e-04
 12   79   -7.1921710999999996e-05
 12   80    6.2954938000000000e-05
 12   81   -1.2113416021900000e-01
 12   82   -1.2627728590900000e-01
 12   83    4.5365701379999996e-03
 12   84    4.2434271709999999e-03
 12   85    1.2250267699999999e-03
 12   86    8.6522994099999995e-04
 12   87    1.8686796099999999e-04
 12   88   -1.9932770399999999e-04
 12   89   -2.0492738691400000e-01
 12   90   -4.7803168521000000e-02
 12   91   -2.2775062589000000e-02
 12   92    1.4213325579999999e-03
 12   93    1.3724409279999999e-03
 12   94    7.6062410400000002e-04
 12   95    3.2806597200000002e-04
 12   96   -1.8363822800000000e-04
 12   97    1.3360006848999999e-02
 12   98   -1.2907142884200001e-01
 12   99    6.4280597331000000e-02
 12  100    7.7120045300000002e-04
 12  101    4.6074149200000001e-04
 12  102    2.7054301900000002e-04
 12  103    9.6465449000000000e-05
 12  104   -1.4333836300000000e-04
 12  105    1.7423947791000000e-02
 12  106    1.5371612642000000e-02
 12  107    3.1237605999999998e-04
 12  108   -9.4987457600000005e-04
 12  109    5.8419466199999997e-04
 12  110    7.9228664999999993e-05
 12  111    2.4751340599999999e-04
 12  112    2.9692702000000000e-05
 12  113    2.0479788461000001e-02
 12  114    1.0184412011000000e-02
 12  115    6.2215536230000000e-03
 12  116    2.1688330190000001e-03
 12  117    7.2265526800000001e-04
 12  118    2.2969842400000001e-04
 12  119    2.2313099400000000e-04
 12  120   -2.1455144000000001e-05
 12  121   -8.0733731529999998e-03
 12  122    1.4194302553999999e-02
 12  123    6.5723046900000004e-04
 12  124    2.9910258790000000e-03
 12  125    2.3702606549999999e-03
 12  126    8.9456271699999996e-04
 12  127    5.5650179900000000e-04
 12  128    1.2523184700000001e-04
 12  129   -4.9818113179999996e-03
 12  130   -2.9999170970000000e-03
 12  131   -6.1655132500000002e-04
 12  132    1.3352793200000000e-04
 12  133    5.7321247799999996e-04
 12  134    3.6800795900000002e-04
 12  135    2.0541128900000000e-04
 12  136   -1.0005850599999999e-04
 12  137   -2.0335280400000000e-03
 12  138   -1.6295975150000001e-03
 12  139   -8.7398114399999999e-04
 12  140   -6.5006802999999997e-05
 12  141    1.1921451000000000e-04
 12  142    1.6505351800000001e-04
 12  143    2.8788239999999999e-05
 12  144   -5.1251780999999997e-05
 14    0    1.0841583148764900e+02
 14    1   -2.8184260826000000e-02
 14    2   -3.1187175702000001e-02
 14    3    2.7434220136699999e-01
 14    4    1.8434115780000000e-02
 14    5    3.4658642980000000e-03
 14    6    3.4217998099999999e-03
 14    7   -1.9545384090000001e-03
 14    8   -1.6979222000000001e-04
 14    9   -2.5508367589199998e-01
 14   10   -1.8892080224200000e-01
 14   11   -3.2717194297300001e-01
 14   12   -4.1057451916000000e-02
 14   13   -1.0133370904999999e-02
 14   14    2.2114315179999999e-03
 14   15    1.2098582970000000e-03
 14   16   -1.1071172999999999e-05
 14   17   -2.1072339099999999e-04
 14   18   -4.7410788785999997e-02
 14   19    1.0719370910000001e-01
 14   20   -2.0194842538300001e-01
 14   21   -6.9657566333999998e-02
 14   22   -2.8499408021999999e-02
 14   23   -6.2609705790000001e-03
 14   24    2.2463698400000001e-04
 14   25    1.0396743730000000e-03
 14   26    2.0674327400000000e-04
 14   27   -8.4335882079999997e-03
 14   28    7.7168403117999995e-02
 14   29   -1.6614686523399999e-01
 14   30   -7.4818560426999997e-02
 14   31   -5.0873073812999998e-02
 14   32   -2.1531705772000000e-02
 14   33   -5.3138635919999996e-03
 14   34   -8.9652078000000002e-05
 14   35    4.9190881599999999e-04
 14   36    1.8398865383999999e-02
 14   37    8.7434522670000007e-03
 14   38   -1.8843027102000001e-02
 14   39   -2.7262567857000000e-02
 14   40   -2.5666297147999999e-02
 14   41   -1.1904499399000000e-02
 14   42   -4.1350661520000000e-03
 14   43   -1.0166107949999999e-03
 14   44   -1.0883120700000000e-04
 14   45    1.5223963109999999e-03
 14   46    9.8238770210000003e-03
 14   47    2.7806559280000001e-03
 14   48   -3.1517226959999999e-03
 14   49   -7.4060968640000001e-03
 14   50   -5.5923225499999998e-03
 14   51   -2.7524787490000001e-03
 14   52   -1.2021345610000000e-03
 14   53   -4.7886165500000001e-04
 14   54    1.3378338910000000e-03
 14   55   -6.7838472250000004e-03
 14   56    5.9986145530000002e-03
 14   57    5.3214947189999997e-03
 14   58    2.4576150709999999e-03
 14   59    3.1933727700000003e-04
 14   60   -4.3356281199999997e-04
 14   61   -2.5521974500000000e-04
 14   62   -1.3457999300000000e-04
 14   63   -2.6224720859999999e-03
 14   64   -3.7940472789999998e-03
 14   65    3.6178669999999998e-06
 14   66    6.8394900399999998e-04
 14   67    8.8416684900000000e-04
 14   68    5.0137012500000005e-04
 14   69   -3.2859342000000001e-05
 14   70   -3.8707259299999999e-04
 14   71   -3.9928915800000001e-04
 14   72   -3.0333669200000002e-04
 14   73   -3.4237612099999998e-04
 14   74   -6.1054773000000003e-04
 14   75   -5.0965651800000003e-04
 14   76    8.7954371999999996e-05
 14   77    4.3578455400000000e-04
 14   78    1.7476806900000000e-04
 14   79   -5.5544823000000000e-05
 14   80   -2.0587833800000000e-04
 14   81    2.9556523157100001e-01
 14   82    3.0214857378499999e-01
 14   83    7.5657388950000001e-02
 14   84    1.4435455127999999e-02
 14   85   -1.2911546210000000e-03
 14   86   -2.9816793010000002e-03
 14   87   -8.6944868699999995e-04
 14   88    1.6320963400000000e-04
 14   89    1.9601044214400001e-01
 14   90    2.0982228526499999e-01
 14   91    6.8888487644999996e-02
 14   92    2.7058937370000001e-02
 14   93    4.9689527850000003e-03
 14   94   -1.7478783060000001e-03
 14   95   -9.0797915399999998e-04
 14   96   -1.6252449900000000e-04
 14   97    3.3636395643299999e-01
 14   98    1.5352800720500001e-01
 14   99    8.6869110558000007e-02
 14  100    4.1126778067999997e-02
 14  101    2.0075916052000001e-02
 14  102    4.8090110779999999e-03
 14  103    1.8716045600000001e-04
 14  104   -1.9693713300000001e-04
 14  105   -2.4116790800000001e-04
 14  106    1.6650255454000000e-02
 14  107    2.2324227913000001e-02
 14  108    2.2443479757999998e-02
 14  109    1.1984548045000000e-02
 14  110    4.5576366820000002e-03
 14  111    1.1907642720000000e-03
 14  112    2.4212979800000001e-04
 14  113   -1.2671837068000000e-02
 14  114   -6.5450624029999996e-03
 14  115   -1.4505299000000000e-03
 14  116    7.9709375009999993e-03
 14  117    6.2584303830000004e-03
 14  118    2.8965259209999998e-03
 14  119    1.3384740240000000e-03
 14  120    4.4514266699999998e-04
 14  121    5.6075332729999998e-03
 14  122   -9.4435659070000004e-03
 14  123   -4.2878855649999999e-03
 14  124   -6.2647131800000000e-04
 14  125   -1.7004080099999999e-04
 14  126    3.2798647799999999e-04
 14  127    1.4135572100000001e-04
 14  128    1.1925071200000000e-04
 14  129    2.5456574089999999e-03
 14  130    1.3750771470000000e-03
 14  131    6.4559094299999995e-04
 14  132   -9.0437588499999995e-04
 14  133   -5.5961105799999999e-04
 14  134   -5.4591563000000000e-05
 14  135    3.0042777900000001e-04
 14  136    3.9323445000000000e-04
 14  137    7.6975314300000005e-04
 14  138    1.4816180510000001e-03
 14  139    7.0447054100000002e-04
 14  140   -2.8091700399999998e-04
 14  141   -4.5834163199999999e-04
 14  142   -1.8937350599999999e-04
 14  143    3.6524874999999998e-05
 14  144    1.7781381599999999e-04
 17    0   -1.6825982528546700e+02
 17    1    1.4506869430500000e-01
 17    2   -2.9801900034999999e-02
 17    3   -3.7601170149999998e-03
 17    4   -1.4891546529999999e-03
 17    5   -8.5756056299999997e-04
 17    6    1.0846594600000000e-04
 17    7    1.3361925799999999e-04
 17    8    5.5733073999999999e-05
 17    9   -1.2402353539300000e-01
 17   10    3.2998200476099998e-01
 17   11    6.0786199859000002e-02
 17   12    5.3982043170000002e-03
 17   13   -4.2281250850000002e-03
 17   14   -3.4047073449999998e-03
 17   15   -4.9188872100000005e-04
 17   16    1.3984525200000001e-04
 17   17    1.1154747900000000e-04
 17   18   -1.0985065456500000e-01
 17   19    3.1401713551499999e-01
 17   20    2.2373178130499999e-01
 17   21    4.5434941770999999e-02
 17   22    1.9970362750000002e-02
 17   23    2.2945249750000000e-03
 17   24   -3.1553146600000001e-04
 17   25   -1.7966678300000000e-04
 17   26   -1.0025117500000000e-04
 17   27    3.4217712137999998e-02
 17   28    1.9067792120000000e-02
 17   29    4.0850744263999997e-02
 17   30    2.6350256616000000e-02
 17   31    1.1594474835000000e-02
 17   32    3.3846128590000000e-03
 17   33    4.4061949099999999e-04
 17   34   -1.1221937400000000e-04
 17   35    1.3185863000000001e-05
 17   36   -7.1200445937999998e-02
 17   37   -5.6560226262000003e-02
 17   38   -7.3976425819999997e-03
 17   39   -7.4437114509999999e-03
 17   40    4.8895094229999998e-03
 17   41    2.6332772620000001e-03
 17   42    1.6421664900000000e-03
 17   43    1.5502355300000000e-04
 17   44    1.0521990900000000e-04
 17   45    1.7627546625000001e-02
 17   46   -3.2441705159999999e-03
 17   47   -1.2623048300000001e-03
 17   48    6.2755829839999996e-03
 17   49    4.1459855160000001e-03
 17   50    2.3898403840000000e-03
 17   51    1.4463561960000001e-03
 17   52    7.9810881800000005e-04
 17   53    3.1293025300000002e-04
 17   54    2.3881904411999999e-02
 17   55   -4.4211782199999998e-04
 17   56   -6.2934756239999999e-03
 17   57   -3.6898522389999999e-03
 17   58   -1.6513305859999999e-03
 17   59   -9.8603645999999998e-05
 17   60    5.6489055100000004e-04
 17   61    3.1337432699999999e-04
 17   62    2.6159815600000001e-04
 17   63    1.0704994400999999e-02
 17   64    3.0681428519999999e-03
 17   65   -3.2806318909999999e-03
 17   66   -2.1149166909999999e-03
 17   67   -2.5035432100000000e-03
 17   68   -1.2827964420000001e-03
 17   69   -6.1071706299999995e-04
 17   70   -2.0334439399999999e-04
 17   71    5.2120002999999997e-05
 17   72   -6.5745074600000002e-04
 17   73    1.0813525719999999e-03
 17   74    2.4779477970000002e-03
 17   75    1.1947611230000001e-03
 17   76    4.4681966300000000e-04
 17   77    1.8622696999999999e-05
 17   78   -1.3386422500000000e-04
 17   79   -2.8687036999999999e-05
 17   80    9.5678838999999996e-05
 17   81   -2.2847630349600001e-01
 17   82   -2.4372587881900001e-01
 17   83   -7.2881729638999998e-02
 17   84    1.4858565900000001e-04
 17   85    3.2993674430000001e-03
 17   86    3.1557334400000002e-04
 17   87    4.3299020700000000e-04
 17   88   -9.0981203000000004e-05
 17   89   -2.8324483943300000e-01
 17   90   -3.8118492411499999e-01
 17   91   -3.7641592717000003e-02
 17   92   -1.7068887501000000e-02
 17   93   -1.5856260180000001e-03
 17   94    8.3661926700000005e-04
 17   95    2.3196107600000001e-04
 17   96   -1.0763256600000000e-04
 17   97   -5.8469802931000001e-02
 17   98   -4.3564044929999997e-02
 17   99   -2.0628410635999999e-02
 17  100   -9.8667012369999998e-03
 17  101   -2.5808494520000000e-03
 17  102   -4.3926776400000000e-04
 17  103   -4.0238592999999999e-05
 17  104   -6.9730960999999994e-05
 17  105    5.7076637259000002e-02
 17  106    8.0329360760000006e-03
 17  107    1.7371371452999999e-02
 17  108   -3.7656399060000002e-03
 17  109   -2.2609268589999999e-03
 17  110   -1.7654981629999999e-03
 17  111   -4.5155940000000001e-04
 17  112   -5.2990462000000003e-05
 17  113    5.4254979640000001e-03
 17  114    1.1734363810999999e-02
 17  115   -7.1174389539999999e-03
 17  116   -4.8774202289999999e-03
 17  117   -2.8388753600000001e-03
 17  118   -1.5641744960000000e-03
 17  119   -7.7461117899999996e-04
 17  120   -2.2472498000000000e-04
 17  121   -7.3708692799999995e-04
 17  122    8.9721311139999999e-03
 17  123    2.9084987760000002e-03
 17  124    6.4894322499999999e-04
 17  125    8.5122048999999997e-05
 17  126   -4.6569037099999998e-04
 17  127   -3.0203301799999998e-04
 17  128   -2.8916671300000001e-04
 17  129   -5.4342588189999997e-03
 17  130    2.4792590380000000e-03
 17  131    1.2205972340000001e-03
 17  132    2.3197602869999999e-03
 17  133    1.5126272850000001e-03
 17  134    5.9946478499999997e-04
 17  135    2.7397055300000002e-04
 17  136   -7.0150046999999999e-05
 17  137   -2.0432014620000000e-03
 17  138   -4.0703775159999997e-03
 17  139   -8.5276893500000001e-04
 17  140   -4.3557128000000001e-04
 17  141    1.1841493700000000e-04
 17  142    1.7090212300000001e-04
 17  143   -5.1946689999999998e-06
 17  144   -8.2282569999999995e-05
 19    0    1.7106025460168999e+02
 19    1    5.3686655719999997e-02
 19    2   -8.5904083830000005e-02
 19    3    1.4103462723099999e-01
 19    4    1.3741101622000000e-02
 19    5   -8.6477862199999997e-04
 19    6   -2.5433041600000000e-04
 19    7   -6.8169515399999999e-04
 19    8   -8.6271742000000004e-05
 19    9    3.6818880095800000e-01
 19   10   -1.5529843267900001e-01
 19   11    9.0422947839999997e-03
 19   12    5.8039232890000000e-03
 19   13   -5.2031118899999998e-04
 19   14    1.5523508220000001e-03
 19   15    1.4118519300000001e-04
 19   16   -4.9583334000000003e-05
 19   17   -7.6071046999999999e-05
 19   18   -1.8936985381700000e-01
 19   19   -1.0840758291300000e-01
 19   20   -1.6598300869000000e-02
 19   21   -1.6484314096000000e-02
 19   22   -2.6414867750000001e-03
 19   23    1.6120359200000000e-04
 19   24    6.7786173799999996e-04
 19   25    3.0573239200000003e-04
 19   26    4.6528164999999997e-05
 19   27    5.4613593709000000e-02
 19   28    4.5878902510000000e-02
 19   29   -5.5345685592000003e-02
 19   30    1.8817392749000000e-02
 19   31   -3.7758834149999999e-03
 19   32    6.7338850299999997e-04
 19   33   -1.0798737700000001e-04
 19   34    6.4674295800000003e-04
 19   35    4.4342343999999998e-05
 19   36    3.6446068169999998e-02
 19   37    9.6681843640000001e-03
 19   38   -3.2377122999999999e-04
 19   39   -3.6676814379999999e-03
 19   40   -1.6199370009999999e-03
 19   41    3.6872833299999999e-04
 19   42    2.4563018200000002e-04
 19   43    2.8980654900000001e-04
 19   44    5.6932022999999999e-05
 19   45   -4.9168760980000002e-03
 19   46    8.5613669569999992e-03
 19   47    1.8541859570000000e-03
 19   48    4.0384168459999996e-03
 19   49    1.8146237279999999e-03
 19   50    5.7561153499999999e-04
 19   51    2.0799159200000000e-04
 19   52    1.9005269000000000e-04
 19   53   -4.8437070999999998e-05
 19   54   -3.0259779370999999e-02
 19   55   -3.2302962580000000e-03
 19   56    8.0438395499999992e-03
 19   57    3.0859038500000002e-03
 19   58    2.5065276299999998e-03
 19   59    1.8138716260000000e-03
 19   60    3.7233628199999998e-04
 19   61    2.1127437400000001e-04
 19   62    8.7210688000000002e-05
 19   63   -6.5212403810000000e-03
 19   64   -2.2323281150000000e-03
 19   65   -1.5311783969999999e-03
 19   66    1.7898542999999999e-05
 19   67    4.3310170800000002e-04
 19   68    2.8882306400000002e-04
 19   69    2.8964002700000003e-04
 19   70    1.4155423200000000e-04
 19   71   -6.6551893999999999e-05
 19   72   -6.7638200799999997e-04
 19   73   -1.0262047820000001e-03
 19   74   -8.1167944300000001e-04
 19   75   -7.1802024100000000e-04
 19   76   -2.6098769600000000e-04
 19   77    7.8266860000000008e-06
 19   78    2.3162338400000001e-04
 19   79    1.0086375600000000e-04
 19   80   -2.3578595000000001e-05
 19   81    9.5549296216000001e-02
 19   82    9.6043321023999997e-02
 19   83    1.0129328889999999e-03
 19   84   -1.8380299020000000e-03
 19   85   -1.5239415360000000e-03
 19   86   -1.1626984660000001e-03
 19   87   -1.4564356299999999e-04
 19   88    1.7400394399999999e-04
 19   89    1.2413972772100000e-01
 19   90    8.0419093841999995e-02
 19   91    2.7252421458000001e-02
 19   92   -4.5643263899999999e-04
 19   93   -9.0893569599999997e-04
 19   94   -8.8806505099999996e-04
 19   95   -3.1580413399999999e-04
 19   96    1.2694134599999999e-04
 19   97   -2.1611884756000000e-02
 19   98    8.9779987557999999e-02
 19   99   -4.1215024714000001e-02
 19  100    5.6629704800000003e-04
 19  101   -1.5143349700000000e-03
 19  102    7.4753282000000006e-05
 19  103   -3.4401321899999999e-04
 19  104    2.4585990000000001e-05
 19  105   -1.2861382649999999e-02
 19  106   -1.2219713952000000e-02
 19  107    2.3839679849999998e-03
 19  108    6.4530505599999998e-04
 19  109   -1.5342045099999999e-04
 19  110    3.9773432999999998e-05
 19  111   -1.8896970100000000e-04
 19  112   -7.4689468000000003e-05
 19  113   -1.3835681747000001e-02
 19  114   -8.2804714660000001e-03
 19  115   -4.8763534260000000e-03
 19  116   -1.4837439310000000e-03
 19  117   -2.3241250200000001e-04
 19  118   -4.6137368000000002e-05
 19  119   -1.8252569200000000e-04
 19  120   -8.6725569999999996e-06
 19  121    6.0151802389999997e-03
 19  122   -1.2460427753000001e-02
 19  123   -5.1832175899999998e-04
 19  124   -1.9566913790000002e-03
 19  125   -1.4378037880000000e-03
 19  126   -4.2457779100000002e-04
 19  127   -3.3342005099999998e-04
 19  128   -9.6997848000000006e-05
 19  129    4.3616756250000003e-03
 19  130    2.6556028610000000e-03
 19  131    7.0680653299999997e-04
 19  132   -1.3598777000000000e-05
 19  133   -3.9060151800000001e-04
 19  134   -3.8652086300000003e-04
 19  135   -1.9579557800000001e-04
 19  136    9.0117926000000004e-05
 19  137    2.3259130639999999e-03
 19  138    1.7179862580000000e-03
 19  139    8.4915772600000004e-04
 19  140    1.0255606400000000e-04
 19  141   -1.4040107200000000e-04
 19  142   -1.9890859700000000e-04
 19  143   -5.1818611000000002e-05
 19  144    2.7802031000000001e-05
