6   5   2
  0    0    1.5194376591420000e+00
  0    1    1.1326155960000000e-03
  0    2   -2.0214051509999998e-03
  0    3    3.4453038000000001e-05
  0    4    4.0447778000000002e-05
  0    5   -7.7950040000000000e-06
  0    6   -3.8306250000000003e-06
  0    7    4.6336721740000003e-03
  0    8   -7.9934950800000001e-04
  0    9   -4.1766766000000000e-04
  0   10    1.2654012600000000e-04
  0   11   -2.6728590000000002e-06
  0   12   -3.9835559999999999e-06
  0   13   -2.4952220000000000e-06
  0   14    9.4052105109999999e-03
  0   15   -3.4832346700000002e-04
  0   16   -1.8600726400000000e-04
  0   17    1.4007787899999999e-04
  0   18    2.9330999000000002e-05
  0   19    1.1942801000000000e-05
  0   20    2.5531240000000000e-06
  0   21    1.1924485804999999e-02
  0   22    6.1052320400000002e-04
  0   23   -1.7362471400000001e-04
  0   24    1.8818977500000000e-04
  0   25   -1.2563202000000001e-05
  0   26    8.5956410000000000e-06
  0   27    6.2184490000000003e-06
  0   28    5.2961775500000004e-04
  0   29    6.5764529999999999e-05
  0   30    1.0603560200000000e-04
  0   31    1.4208788000000001e-05
  0   32    9.4604110000000002e-06
  0   33    1.1914105000000000e-05
  0   34    4.6973220000000001e-06
  0   35    3.5476155799999998e-04
  0   36    1.5798537999999999e-05
  0   37    8.6898049999999997e-06
  0   38    2.7402320000000002e-05
  0   39    1.5452424000000000e-05
  0   40    7.5563769999999998e-06
  0   41    3.7124980000000000e-06
  0   42    3.9216797099999998e-04
  0   43    2.3885024000000002e-05
  0   44    3.8266027999999999e-05
  0   45    1.5402222999999999e-05
  0   46    6.2977830000000002e-06
  0   47    8.3208920000000000e-06
  0   48    2.4779900000000000e-06
  0   49    3.6762559999999999e-06
  0   50   -1.2416084000000001e-05
  0   51    4.1813650000000004e-06
  0   52   -5.7968750000000003e-06
  0   53   -2.9429000000000002e-07
  0   54    9.9848799999999993e-07
  0   55    1.8293620000000000e-06
  0   56   -4.2365540000000002e-06
  0   57   -4.2495170000000004e-06
  0   58   -2.5136700000000002e-06
  0   59   -3.2169760000000000e-06
  0   60   -7.2572299999999999e-07
  0   61    4.6820000000000002e-07
  0   62    1.0528830000000001e-06
  0   63    5.1841915100000005e-04
  0   64    2.1409069599999999e-04
  0   65   -1.9438894300000001e-04
  0   66   -1.6744337999999999e-05
  0   67   -6.9183399999999997e-07
  0   68   -2.8446360000000000e-06
  0   69   -2.2959675999999999e-04
  0   70    2.4780182900000002e-04
  0   71   -7.2353556000000004e-05
  0   72   -5.1747469999999997e-05
  0   73   -1.1838838000000000e-05
  0   74   -1.3633650000000000e-06
  0   75   -2.0666629690000000e-03
  0   76    2.1228031700000000e-04
  0   77   -9.6762628000000004e-05
  0   78   -3.0921811000000003e-05
  0   79   -1.3759725000000000e-05
  0   80   -3.3447560000000002e-06
  0   81   -1.6041350699999999e-04
  0   82   -1.6223210200000000e-04
  0   83   -1.7499514999999998e-05
  0   84   -1.2411702000000001e-05
  0   85   -9.1774630000000003e-06
  0   86   -3.6356700000000002e-06
  0   87   -9.6186906999999998e-05
  0   88   -1.6284126000000000e-05
  0   89   -2.7858285999999999e-05
  0   90   -1.1714069000000000e-05
  0   91   -5.8160150000000001e-06
  0   92   -4.1038889999999997e-06
  0   93   -1.5322167799999999e-04
  0   94   -4.1550032999999997e-05
  0   95    1.4875919999999999e-06
  0   96   -7.0964700000000002e-06
  0   97   -9.3203389999999995e-06
  0   98   -2.4315150000000001e-06
  0   99    1.0302904000000000e-05
  0  100    9.0434900000000005e-07
  0  101    8.1149870000000005e-06
  0  102    1.8007100000000000e-07
  0  103   -1.1327240000000000e-06
  0  104   -1.6641190000000000e-06
  0  105    1.0079448999999999e-05
  0  106    4.5557229999999999e-06
  0  107    1.7379590000000001e-06
  0  108    3.4058800000000001e-07
  0  109   -5.6132200000000000e-07
  0  110   -4.6752699999999998e-07
  1    0    1.4219613430330000e+00
  1    1   -1.5313128719999999e-03
  1    2    4.7052132200000002e-04
  1    3    1.6557647430000000e-03
  1    4   -5.4192718000000003e-05
  1    5    3.2692599999999999e-06
  1    6    2.6131365999999999e-05
  1    7   -4.5477021369999997e-03
  1    8   -4.0481809699999998e-04
  1    9    1.1176661899999999e-04
  1   10   -9.4958128999999994e-05
  1   11    6.6767220000000001e-06
  1   12    1.0760624000000001e-05
  1   13    2.5281099999999998e-06
  1   14   -1.7946517070000000e-03
  1   15   -1.9882099000000000e-04
  1   16    1.7610753400000001e-04
  1   17   -4.2682785000000003e-05
  1   18    5.2238879999999997e-06
  1   19   -3.6400270000000000e-06
  1   20   -8.5272199999999998e-07
  1   21    7.2107118000000003e-04
  1   22   -4.9725937500000002e-04
  1   23    3.2559580700000000e-04
  1   24   -1.9062802600000001e-04
  1   25   -7.4988385999999997e-05
  1   26   -1.4251945000000000e-05
  1   27   -4.2685410000000004e-06
  1   28    2.0116065100000001e-04
  1   29    2.6025453000000002e-05
  1   30    7.4543299999999995e-07
  1   31   -3.7420450999999998e-05
  1   32   -2.3166956000000000e-05
  1   33   -1.7021846999999999e-05
  1   34   -5.6689159999999996e-06
  1   35   -1.2233470000000000e-06
  1   36   -1.1217808000000000e-05
  1   37   -5.4384570000000004e-06
  1   38   -2.6408086000000001e-05
  1   39   -1.6217258000000000e-05
  1   40   -1.1405106000000000e-05
  1   41   -5.2503170000000002e-06
  1   42    2.0485303000000000e-05
  1   43    2.7001109999999999e-06
  1   44   -2.1178468999999999e-05
  1   45   -8.9723080000000007e-06
  1   46   -8.1074869999999993e-06
  1   47   -8.0605640000000002e-06
  1   48   -3.6211930000000002e-06
  1   49    1.2711445000000000e-05
  1   50    5.4915470000000001e-06
  1   51    7.1160199999999998e-06
  1   52    9.3417299999999998e-07
  1   53   -8.2170000000000001e-07
  1   54   -1.7743640000000000e-06
  1   55   -1.9298020000000002e-06
  1   56   -2.4501440000000000e-06
  1   57    7.8931200000000002e-07
  1   58    2.2447150000000001e-06
  1   59    9.5749800000000009e-07
  1   60    5.7009600000000005e-07
  1   61   -4.6082400000000002e-07
  1   62   -7.6841299999999996e-07
  1   63    4.7986797499999999e-04
  1   64   -2.4735903299999998e-04
  1   65    1.2578184099999999e-04
  1   66    9.6174250000000005e-06
  1   67   -1.4196894000000000e-05
  1   68    7.5657599999999996e-07
  1   69    3.1001261800000000e-04
  1   70   -6.3594947499999996e-04
  1   71   -1.0311741000000000e-05
  1   72    1.1166530000000000e-06
  1   73   -3.2981779999999998e-06
  1   74   -1.1987170000000001e-06
  1   75    4.4272765200000002e-04
  1   76    1.2916872200000000e-04
  1   77    2.9326916400000002e-04
  1   78    6.1882638999999996e-05
  1   79    1.1761276000000000e-05
  1   80    5.0169269999999999e-06
  1   81   -9.9606499999999997e-07
  1   82    1.9912611999999999e-05
  1   83    2.7568308000000000e-05
  1   84    2.2427231999999999e-05
  1   85    1.4898522000000000e-05
  1   86    5.3805410000000001e-06
  1   87    2.7104680000000000e-05
  1   88    2.0345027999999999e-05
  1   89    1.7447002000000000e-05
  1   90    1.5752074000000000e-05
  1   91    1.1527073000000000e-05
  1   92    5.1115680000000003e-06
  1   93   -7.9933910000000008e-06
  1   94    3.2828825000000002e-05
  1   95    5.2502350000000001e-06
  1   96    9.0433709999999995e-06
  1   97    6.6203850000000000e-06
  1   98    4.2755449999999997e-06
  1   99   -1.1430354000000001e-05
  1  100   -7.8043409999999996e-06
  1  101    2.1165800000000000e-07
  1  102    1.7628199999999999e-07
  1  103    1.7316549999999999e-06
  1  104    2.0109950000000000e-06
  1  105   -2.5022630000000002e-06
  1  106   -3.0538540000000001e-06
  1  107   -1.0131789999999999e-06
  1  108    2.2468900000000001e-07
  1  109    4.7530199999999998e-07
  1  110    4.0717200000000001e-07
  2    0    1.3915801973060000e+00
  2    1    1.7849601709999999e-03
  2    2   -1.8052638299999999e-04
  2    3   -1.0896731000000000e-05
  2    4   -8.8900749999999998e-06
  2    5   -6.1981099999999999e-06
  2    6   -1.8370400000000000e-06
  2    7   -2.6480637460000000e-03
  2    8    4.7198697409999999e-03
  2    9    1.9624700419999998e-03
  2   10    1.6085228600000001e-04
  2   11    3.0163088000000000e-05
  2   12   -1.5665531999999999e-05
  2   13   -7.4265720000000003e-06
  2   14   -2.5907621860000001e-03
  2   15    1.4209669160000001e-03
  2   16    9.4408119300000003e-04
  2   17    2.6349577600000003e-04
  2   18    9.9325374999999994e-05
  2   19    1.9603777000000001e-05
  2   20    4.5735800000000001e-07
  2   21    4.4996726800000002e-04
  2   22   -1.9469090999999998e-05
  2   23    2.0850758800000001e-04
  2   24    1.7559785499999999e-04
  2   25    8.3142125000000000e-05
  2   26    2.9774948999999999e-05
  2   27    5.8660100000000001e-06
  2   28    1.0140261500000000e-04
  2   29   -1.2907878299999999e-04
  2   30    3.5775760000000001e-05
  2   31    6.4393024000000004e-05
  2   32    6.9329987999999996e-05
  2   33    3.1027111000000003e-05
  2   34    1.5522611000000000e-05
  2   35   -2.8593683000000001e-05
  2   36   -5.2398212000000002e-05
  2   37   -1.0191210000000001e-05
  2   38    2.1648882999999999e-05
  2   39    3.1746121999999998e-05
  2   40    2.3057574999999999e-05
  2   41    1.3607047000000001e-05
  2   42    3.9315299999999999e-06
  2   43   -1.4951496999999999e-05
  2   44   -3.0868933000000002e-05
  2   45   -1.3085422000000000e-05
  2   46    2.3589870000000001e-06
  2   47    7.5748069999999999e-06
  2   48    8.1232019999999992e-06
  2   49    2.5929489000000000e-05
  2   50    1.2902657000000000e-05
  2   51   -7.8978260000000003e-06
  2   52   -9.5755390000000001e-06
  2   53   -8.4490529999999999e-06
  2   54   -1.3658020000000000e-06
  2   55    1.2100310000000001e-06
  2   56   -1.1756240000000000e-06
  2   57    5.6771259999999997e-06
  2   58    4.6491140000000001e-06
  2   59    4.1767899999999999e-07
  2   60   -1.2578210000000000e-06
  2   61   -1.2984180000000000e-06
  2   62   -3.4705399999999998e-07
  2   63   -2.9552981890000000e-03
  2   64   -1.5967868859999999e-03
  2   65   -1.1267890100000000e-04
  2   66   -5.3092427999999997e-05
  2   67    8.5170740000000007e-06
  2   68    1.0421054999999999e-05
  2   69   -1.1879482009999999e-03
  2   70   -1.7452261940000000e-03
  2   71   -2.7813849200000003e-04
  2   72   -1.0170004100000000e-04
  2   73   -1.7920175999999999e-05
  2   74    2.9755850000000002e-06
  2   75   -2.0950061099999999e-04
  2   76   -2.5403283900000002e-04
  2   77   -1.6334246299999999e-04
  2   78   -7.4658309999999997e-05
  2   79   -2.6551058999999998e-05
  2   80   -5.5281149999999998e-06
  2   81    5.2785141999999999e-05
  2   82    1.3069800000000000e-06
  2   83   -4.2881659999999997e-05
  2   84   -6.6630804999999999e-05
  2   85   -3.0036884000000000e-05
  2   86   -1.5761537999999999e-05
  2   87    5.9729492999999999e-05
  2   88    2.7450104000000001e-05
  2   89   -1.8505588000000002e-05
  2   90   -3.2516996000000003e-05
  2   91   -2.4277874999999998e-05
  2   92   -1.3960688000000001e-05
  2   93    3.1164424000000002e-05
  2   94    3.1352325999999999e-05
  2   95    1.1064011000000000e-05
  2   96   -4.4518229999999999e-06
  2   97   -7.7426919999999994e-06
  2   98   -7.7374559999999997e-06
  2   99   -1.0847365999999999e-05
  2  100    4.2402170000000003e-06
  2  101    8.6983790000000005e-06
  2  102    7.1818679999999998e-06
  2  103    1.8242430000000000e-06
  2  104   -1.1304850000000000e-06
  2  105   -6.2846570000000000e-06
  2  106   -8.6299569999999994e-06
  2  107    5.3453999999999997e-08
  2  108    1.4413210000000000e-06
  2  109    1.6177979999999999e-06
  2  110    2.9337800000000000e-07
  3    0    1.5407634409869999e+00
  3    1    7.3164190799999995e-04
  3    2   -4.5067446999999997e-05
  3    3    2.2217842000000001e-05
  3    4    8.1729599999999999e-07
  3    5   -4.6638610000000003e-06
  3    6   -5.2608599999999996e-07
  3    7    2.3868189900000001e-04
  3    8   -1.3877097829999999e-03
  3    9   -6.3614400500000003e-04
  3   10   -6.0197620999999999e-05
  3   11   -1.1968370000000000e-05
  3   12    5.1581970000000001e-06
  3   13    2.2679940000000000e-06
  3   14   -4.4067759600000000e-04
  3   15   -3.3467410000000001e-04
  3   16   -2.4125368400000001e-04
  3   17   -1.0442121500000000e-04
  3   18   -3.5642902999999999e-05
  3   19   -9.3831679999999993e-06
  3   20   -1.2423919999999999e-06
  3   21   -9.0207763000000002e-04
  3   22   -1.0472848399999999e-04
  3   23   -3.8854920000000001e-05
  3   24   -1.3636853000000000e-05
  3   25    8.3276790000000008e-06
  3   26    7.0130900000000000e-07
  3   27    6.1143700000000005e-07
  3   28   -7.8265304000000002e-05
  3   29    3.4214829999999998e-05
  3   30   -1.2940174000000001e-05
  3   31   -6.1381060000000003e-06
  3   32   -1.2699677000000000e-05
  3   33   -5.6401319999999996e-06
  3   34   -2.5648259999999999e-06
  3   35   -2.8778327999999998e-05
  3   36    2.2596922000000001e-05
  3   37    1.3569374000000000e-05
  3   38    1.6732600000000000e-07
  3   39   -3.9916850000000001e-06
  3   40   -3.9423130000000001e-06
  3   41   -2.1657560000000001e-06
  3   42   -4.4290701000000002e-05
  3   43    1.5748600000000001e-07
  3   44    1.5395600000000000e-06
  3   45    1.3070200000000001e-06
  3   46    1.0462680000000000e-06
  3   47   -8.3167999999999999e-07
  3   48   -4.9301600000000000e-07
  3   49   -9.2196590000000004e-06
  3   50    8.3607300000000002e-07
  3   51    2.3868490000000000e-06
  3   52    1.7399409999999999e-06
  3   53    2.0074920000000000e-06
  3   54    5.8937400000000005e-07
  3   55   -2.6188499999999999e-07
  3   56    2.3479480000000001e-06
  3   57   -1.2195900000000001e-06
  3   58   -1.0141230000000000e-06
  3   59    2.3344000000000000e-07
  3   60    7.3651300000000000e-07
  3   61    8.0178600000000003e-07
  3   62    4.0867600000000003e-07
  3   63    8.3283905700000003e-04
  3   64    5.1623361299999999e-04
  3   65    6.0619731000000003e-05
  3   66    1.7649377000000001e-05
  3   67   -2.7561770000000000e-06
  3   68   -2.5659139999999998e-06
  3   69    4.6222707399999998e-04
  3   70    4.4709812599999998e-04
  3   71    1.0107581800000000e-04
  3   72    4.4805450000000000e-05
  3   73    7.5657980000000000e-06
  3   74    6.6942999999999998e-07
  3   75    2.0450986799999999e-04
  3   76   -1.9827091000000001e-05
  3   77   -3.4509799999999998e-07
  3   78   -4.8749270000000002e-06
  3   79   -1.2617989999999999e-06
  3   80   -7.4135999999999996e-07
  3   81   -1.0438564000000000e-05
  3   82    7.1466649999999998e-06
  3   83   -2.2323150000000000e-06
  3   84    1.2778602000000000e-05
  3   85    5.7608160000000004e-06
  3   86    2.5588610000000002e-06
  3   87   -1.7606585000000001e-05
  3   88   -2.7453044999999999e-05
  3   89    3.6002900000000000e-07
  3   90    5.2816429999999997e-06
  3   91    3.6884959999999998e-06
  3   92    2.2622539999999999e-06
  3   93    1.0842513000000001e-05
  3   94   -7.2733859999999997e-06
  3   95   -3.6267099999999998e-07
  3   96    8.2500000000000004e-08
  3   97    6.3273900000000001e-07
  3   98    4.1739200000000001e-07
  3   99    1.3458319999999999e-06
  3  100   -2.2918290000000000e-06
  3  101   -2.4989410000000000e-06
  3  102   -1.2679899999999999e-06
  3  103   -6.4251600000000001e-07
  3  104    2.2906399999999999e-07
  3  105    3.0681999999999999e-07
  3  106    1.7029020000000001e-06
  3  107    1.5904999999999999e-08
  3  108   -6.3587199999999999e-07
  3  109   -9.9821000000000010e-07
  3  110   -4.0264099999999999e-07
  5    0    1.5430134415300001e+00
  5    1   -1.0368725269999999e-03
  5    2    1.1252484369999999e-03
  5    3   -3.2548289000000001e-04
  5    4   -7.0766610000000003e-06
  5    5    6.0811500000000002e-06
  5    6   -6.6316350000000001e-06
  5    7    1.1644987280000000e-03
  5    8   -4.1500283000000000e-05
  5    9    1.7525078000000000e-04
  5   10   -1.8486120000000000e-05
  5   11    5.3867179999999997e-06
  5   12    1.4261260000000001e-06
  5   13   -2.6089299999999998e-07
  5   14   -6.7695126499999999e-04
  5   15   -9.0245763999999997e-05
  5   16    6.4407822000000004e-05
  5   17   -2.2612106999999999e-05
  5   18   -6.0602580000000003e-06
  5   19    7.3386199999999998e-07
  5   20    1.2197599999999999e-06
  5   21   -9.6710197499999995e-04
  5   22    5.6363056000000002e-05
  5   23   -3.4184657000000001e-05
  5   24    1.3829510000000001e-06
  5   25    8.2936949999999995e-06
  5   26    3.6616569999999999e-06
  5   27    1.2457399999999999e-07
  5   28   -1.0278717500000000e-04
  5   29    9.2919610000000001e-06
  5   30   -5.8046880000000002e-06
  5   31    8.6988900000000004e-07
  5   32    2.6220239999999999e-06
  5   33    1.1040590000000001e-06
  5   34    6.6265700000000000e-07
  5   35   -3.2638914000000002e-05
  5   36    4.2485089999999997e-06
  5   37    2.2362560000000001e-06
  5   38    4.3070160000000000e-06
  5   39    1.7276380000000000e-06
  5   40    1.3460810000000000e-06
  5   41    2.6426699999999999e-07
  5   42   -7.0874931000000006e-05
  5   43   -8.3240600000000002e-07
  5   44    8.1175300000000002e-06
  5   45    5.8704100000000002e-07
  5   46    1.2482989999999999e-06
  5   47    2.1205000000000000e-07
  5   48    6.7788100000000001e-07
  5   49   -1.2917256000000000e-05
  5   50   -1.2013959999999999e-06
  5   51   -3.3023519999999999e-06
  5   52    2.1296000000000001e-08
  5   53    2.3164100000000000e-07
  5   54    2.9720199999999999e-07
  5   55    2.8123599999999999e-07
  5   56    1.6171320000000000e-06
  5   57   -1.1015030000000000e-06
  5   58   -1.2759130000000001e-06
  5   59   -7.6005700000000001e-07
  5   60   -3.9356399999999999e-07
  5   61   -1.1846000000000001e-08
  5   62    1.2090999999999999e-07
  5   63    9.3101306999999995e-05
  5   64    1.3936631200000001e-04
  5   65    8.0701650000000003e-06
  5   66   -5.5264869999999998e-06
  5   67   -1.2586020000000000e-06
  5   68   -6.2108399999999995e-07
  5   69    5.8864840000000002e-05
  5   70    2.1034838800000001e-04
  5   71    2.6309310000000000e-05
  5   72    7.0123120000000001e-06
  5   73   -8.1380300000000002e-07
  5   74   -2.9102599999999998e-07
  5   75    4.4074684000000003e-05
  5   76    3.2927201000000002e-05
  5   77   -7.0733835999999995e-05
  5   78   -1.1911319999999999e-06
  5   79   -1.6950580000000000e-06
  5   80   -1.1923359999999999e-06
  5   81    4.1211750000000004e-06
  5   82   -8.8568050000000000e-06
  5   83   -5.4029550000000000e-06
  5   84   -6.6112000000000003e-07
  5   85   -1.0161960000000000e-06
  5   86   -3.6561000000000000e-07
  5   87   -9.7519859999999992e-06
  5   88   -9.2332259999999994e-06
  5   89   -1.4429270000000001e-06
  5   90   -2.2777510000000002e-06
  5   91   -1.4466320000000001e-06
  5   92   -1.6311200000000001e-07
  5   93    2.0046021000000002e-05
  5   94   -6.8879770000000004e-06
  5   95   -6.9563800000000005e-07
  5   96   -7.9715300000000004e-07
  5   97   -1.3955400000000001e-07
  5   98   -7.5521700000000003e-07
  5   99    6.9767380000000003e-06
  5  100    4.0047780000000000e-06
  5  101   -2.8479400000000000e-07
  5  102   -7.4997000000000006e-08
  5  103   -2.0715400000000000e-07
  5  104   -3.4113799999999999e-07
  5  105    8.4213300000000001e-07
  5  106    1.6440210000000000e-06
  5  107    7.1422999999999996e-07
  5  108    1.8367500000000001e-07
  5  109   -3.3647999999999998e-08
  5  110   -2.7122000000000000e-08
  7    0    9.6154773949700001e-01
  7    1    1.0585210109999999e-03
  7    2    3.8259516999999998e-04
  7    3   -1.0940430309999999e-03
  7    4    3.6270004999999997e-05
  7    5   -1.3123260000000000e-06
  7    6   -1.0766836000000000e-05
  7    7    1.3027974400000000e-04
  7    8    4.2693808999999999e-04
  7    9    4.0046966299999998e-04
  7   10    1.0347397599999999e-04
  7   11    4.4295734999999999e-05
  7   12   -3.7595230000000002e-06
  7   13   -2.5175410000000001e-06
  7   14    6.4464769000000002e-05
  7   15    3.5410451899999998e-04
  7   16    2.8792256799999998e-04
  7   17    1.6276031199999999e-04
  7   18    6.8618959000000003e-05
  7   19    1.8721410000000001e-05
  7   20    3.5066309999999998e-06
  7   21   -7.3906883999999998e-05
  7   22   -2.7602275900000001e-04
  7   23    7.3426178000000005e-05
  7   24    4.7872369999999997e-05
  7   25    1.1442335200000000e-04
  7   26    4.1178784000000002e-05
  7   27    1.4877460000000000e-05
  7   28   -2.5055865999999999e-05
  7   29   -6.2115879999999996e-06
  7   30    3.8836420000000001e-05
  7   31    6.4244539000000005e-05
  7   32    5.5226682999999998e-05
  7   33    3.1118879000000000e-05
  7   34    1.4731331000000001e-05
  7   35   -1.7859069999999999e-06
  7   36   -9.0283729999999993e-06
  7   37    1.4939209999999999e-06
  7   38    8.5344090000000004e-06
  7   39    1.7761504000000000e-05
  7   40    1.7027541000000001e-05
  7   41    1.1123034000000000e-05
  7   42    9.2974349999999992e-06
  7   43    1.2622988000000000e-05
  7   44   -5.7183620000000004e-06
  7   45   -2.3817960000000001e-06
  7   46    1.3524369999999999e-06
  7   47    1.8706250000000000e-06
  7   48    5.0877109999999997e-06
  7   49    1.7193000000000000e-07
  7   50    3.8707430000000002e-06
  7   51    1.5781120000000001e-06
  7   52    1.0053030000000000e-06
  7   53   -1.9910999999999999e-07
  7   54    8.7475600000000003e-07
  7   55    1.5269790000000000e-06
  7   56   -6.2558399999999997e-07
  7   57    5.8502899999999996e-07
  7   58    1.9076930000000000e-06
  7   59    1.1969370000000001e-06
  7   60   -2.9872000000000002e-07
  7   61   -4.7766899999999999e-07
  7   62   -1.2330100000000000e-07
  7   63   -1.6197299700000000e-04
  7   64   -3.4860694400000003e-04
  7   65   -1.3439169599999999e-04
  7   66   -3.6384863999999999e-05
  7   67    2.2665280000000002e-06
  7   68    1.8648450000000001e-06
  7   69    2.2172168699999999e-04
  7   70   -2.2276948100000000e-04
  7   71   -1.4837370800000000e-04
  7   72   -6.5048211000000002e-05
  7   73   -1.7928253000000001e-05
  7   74   -1.8200250000000000e-06
  7   75    4.3833365100000001e-04
  7   76   -1.2730119600000000e-04
  7   77   -8.7687906999999997e-05
  7   78   -8.5591868000000002e-05
  7   79   -3.8221754000000001e-05
  7   80   -1.5916812999999999e-05
  7   81    2.8540236999999999e-05
  7   82   -3.4104304000000002e-05
  7   83   -5.2938929999999998e-05
  7   84   -5.2860978000000001e-05
  7   85   -3.0794263000000003e-05
  7   86   -1.5080504999999999e-05
  7   87    6.4150340000000001e-06
  7   88    5.0540159999999998e-06
  7   89   -5.0115520000000000e-06
  7   90   -1.9412767000000001e-05
  7   91   -1.6913527000000000e-05
  7   92   -1.1291665000000000e-05
  7   93    8.5861900000000002e-06
  7   94    5.5563199999999996e-07
  7   95   -8.2617899999999998e-07
  7   96   -1.5334889999999999e-06
  7   97   -2.3734670000000000e-06
  7   98   -5.1854620000000000e-06
  7   99   -6.5089490000000004e-06
  7  100   -2.6462170000000000e-06
  7  101   -2.7109240000000000e-06
  7  102    4.1870000000000001e-07
  7  103   -7.3894100000000000e-07
  7  104   -1.4288000000000000e-06
  7  105   -2.4776670000000002e-06
  7  106   -2.0706070000000001e-06
  7  107   -9.7762199999999994e-07
  7  108    4.8871099999999996e-07
  7  109    6.7668299999999997e-07
  7  110    2.7829199999999999e-07
  8    0    1.1119760435078599e+02
  8    1    2.6732801568400002e+00
  8    2   -7.9213398081800002e-01
  8    3    1.3260379441299999e-01
  8    4    6.9586650927000004e-02
  8    5    3.6707474760000001e-03
  8    6   -9.3994661300000003e-04
  8    7    8.3166178974799998e-01
  8    8   -5.4464360824199998e-01
  8    9   -9.8187225015000004e-02
  8   10   -1.2284409046000000e-02
  8   11   -4.3141602500000001e-04
  8   12    2.1480295069999998e-03
  8   13    1.0812783319999999e-03
  8   14   -7.4707874535899998e-01
  8   15   -3.0036849223500001e-01
  8   16   -5.4898713197000001e-02
  8   17   -7.2745311859000003e-02
  8   18   -1.2929878682000000e-02
  8   19   -2.5361885779999998e-03
  8   20    1.0118472319999999e-03
  8   21    6.3359765632900000e-01
  8   22    5.5692877720999998e-02
  8   23   -1.7068419944200000e-01
  8   24    2.8743013626000000e-02
  8   25   -2.2311412667999998e-02
  8   26   -5.6224110579999997e-03
  8   27   -2.3071579120000000e-03
  8   28    1.1372823810400000e-01
  8   29    2.7203941286999999e-02
  8   30   -2.6848497090000002e-03
  8   31   -1.8145759957000001e-02
  8   32   -1.1181478610000000e-02
  8   33   -3.4808211909999999e-03
  8   34   -1.3194782879999999e-03
  8   35    2.0109711310000000e-02
  8   36    1.8880990412999999e-02
  8   37    9.6592424290000006e-03
  8   38    5.9001334449999996e-03
  8   39    1.6584986540000000e-03
  8   40   -1.1132603800000000e-03
  8   41   -8.0985576500000004e-04
  8   42   -5.4337536217000000e-02
  8   43   -6.0115170499999999e-03
  8   44    1.9918806710000000e-02
  8   45    7.3596421559999998e-03
  8   46    6.5613895840000002e-03
  8   47    3.8786563610000001e-03
  8   48    6.5005275199999995e-04
  8   49   -1.2904514652000000e-02
  8   50   -5.2878329830000001e-03
  8   51   -2.7464848949999999e-03
  8   52   -3.2402279600000000e-04
  8   53    4.5259061499999998e-04
  8   54    4.1646951300000000e-04
  8   55    3.8483493700000002e-04
  8   56   -9.7104292699999996e-04
  8   57   -1.3866782600000000e-03
  8   58   -1.9608936520000000e-03
  8   59   -1.8082086500000000e-03
  8   60   -7.1806403300000001e-04
  8   61    1.1752039700000000e-04
  8   62    4.2904126299999999e-04
  8   63    3.2564005600200002e-01
  8   64    2.5022631080300001e-01
  8   65    3.3849885708000002e-02
  8   66    2.3120055590000002e-03
  8   67   -3.5308262519999998e-03
  8   68   -2.8776191950000002e-03
  8   69    3.9679684710200003e-01
  8   70    1.5404102070100001e-01
  8   71    7.7754722735000004e-02
  8   72    1.0363947372000000e-02
  8   73    8.9061058700000005e-04
  8   74   -1.7104756140000001e-03
  8   75   -4.1341005799999997e-02
  8   76    2.3771864193900000e-01
  8   77   -8.1002147667999999e-02
  8   78    1.8571581152999998e-02
  8   79    2.3116612240000000e-03
  8   80    2.1922308190000001e-03
  8   81   -3.4475758953999999e-02
  8   82   -2.2944438692000000e-02
  8   83    1.3112278434999999e-02
  8   84    8.5167984220000000e-03
  8   85    4.1127388929999998e-03
  8   86    1.9100708999999999e-03
  8   87   -3.4740620287000000e-02
  8   88   -1.9071426698000001e-02
  8   89   -8.0422444080000006e-03
  8   90   -8.4303979099999995e-04
  8   91    2.0811964390000000e-03
  8   92    9.4741712900000001e-04
  8   93    8.3214150050000008e-03
  8   94   -2.9242261376000001e-02
  8   95   -1.8047407090000000e-03
  8   96   -4.6334093389999997e-03
  8   97   -3.6167812560000002e-03
  8   98   -6.3098743800000005e-04
  8   99    9.1285158930000006e-03
  8  100    5.2245348520000004e-03
  8  101    2.1385762699999999e-03
  8  102    1.1049704000000000e-04
  8  103   -7.5128289600000003e-04
  8  104   -4.8833872599999997e-04
  8  105    4.9817496019999999e-03
  8  106    4.1351871619999996e-03
  8  107    1.9450503280000000e-03
  8  108    1.8135161000000001e-04
  8  109   -2.4267405000000000e-04
  8  110   -3.5553385599999999e-04
  9    0    1.1007486457112300e+02
  9    1   -1.4095008961800001e-01
  9    2    8.5823495510000000e-02
  9    3    2.1287176280000000e-02
  9    4    2.9253267130000000e-03
  9    5    1.0889882699999999e-03
  9    6   -7.1029559200000002e-04
  9    7    5.6825871108899995e-01
  9    8   -4.9333929157400003e-01
  9    9   -7.9597082509999997e-03
  9   10    2.3302890310000000e-03
  9   11    5.3210752170000002e-03
  9   12    4.3903462910000000e-03
  9   13    3.7816675200000001e-04
  9   14   -2.2759312763100001e-01
  9   15   -1.7456124451800001e-01
  9   16   -1.5992327010599999e-01
  9   17   -2.4533314641999999e-02
  9   18   -1.7734108124000000e-02
  9   19   -1.1432543200000000e-04
  9   20    5.4444503300000004e-04
  9   21    4.3446269813900001e-01
  9   22   -2.8600949080999999e-02
  9   23   -5.9604037631000001e-02
  9   24   -1.9272516856000000e-02
  9   25   -1.2058272395000000e-02
  9   26   -1.1937973980000001e-03
  9   27    8.7810925000000005e-05
  9   28    1.4895775869399999e-01
  9   29    6.5644240739000007e-02
  9   30   -1.3523247242000000e-02
  9   31    1.6421285907999999e-02
  9   32   -3.6544286410000000e-03
  9   33   -7.9890524300000004e-04
  9   34   -1.1525174569999999e-03
  9   35   -2.2741270027999999e-02
  9   36    7.7212514740000000e-03
  9   37    2.6358656562999998e-02
  9   38    6.3735930709999996e-03
  9   39    2.9941748229999998e-03
  9   40    1.8948445670000000e-03
  9   41   -3.2497164200000000e-04
  9   42   -4.0663640638000001e-02
  9   43   -4.7361998770000004e-03
  9   44    7.8320092130000005e-03
  9   45    6.2923939470000004e-03
  9   46    4.3048192050000001e-03
  9   47    1.5701386420000000e-03
  9   48    1.9753382800000001e-04
  9   49   -1.8990660664000000e-02
  9   50   -7.0141425490000001e-03
  9   51    2.2335761140000001e-03
  9   52    1.6340634360000000e-03
  9   53    2.7022245430000000e-03
  9   54    1.8741994100000001e-03
  9   55    1.1839316889999999e-03
  9   56    2.8268563300000000e-03
  9   57   -6.1805162999999997e-04
  9   58   -4.3910020880000003e-03
  9   59   -2.3158142410000001e-03
  9   60   -8.1356161999999999e-04
  9   61   -6.5463602999999996e-05
  9   62    4.2321938999999997e-04
  9   63    3.4578356323300002e-01
  9   64    3.6091372197799998e-01
  9   65    1.4963117214900001e-01
  9   66   -3.8685871899999998e-03
  9   67   -6.1999115049999999e-03
  9   68    9.3839490000000008e-06
  9   69    2.6584862381399998e-01
  9   70    3.4669170250100001e-01
  9   71    1.5426099194999999e-02
  9   72    8.9157309829999993e-03
  9   73   -1.9127875129999999e-03
  9   74   -6.7461857599999996e-04
  9   75    1.5796440522000001e-02
  9   76    6.8630554967999996e-02
  9   77    1.0127805857000001e-02
  9   78    7.1932304020000002e-03
  9   79    1.7942933899999999e-04
  9   80    9.1749778000000000e-05
  9   81   -8.1573942363000002e-02
  9   82    4.1463463630000003e-03
  9   83   -3.1552444876000001e-02
  9   84    1.3405393889999999e-03
  9   85    9.9428532299999993e-04
  9   86    1.5191021379999999e-03
  9   87   -2.0823644249000000e-02
  9   88   -4.7023467848000003e-02
  9   89   -2.5090288729999999e-03
  9   90   -2.2700364280000000e-03
  9   91   -6.5899506900000005e-04
  9   92    4.2931103700000000e-04
  9   93    4.5651736479999996e-03
  9   94   -1.1865072216000000e-02
  9   95   -4.0266683000000003e-03
  9   96   -2.4653087830000002e-03
  9   97   -1.6892007540000001e-03
  9   98   -4.0224055899999999e-04
  9   99    1.2572339445999999e-02
  9  100   -3.5900538100000002e-04
  9  101    4.6248867899999999e-04
  9  102   -2.6626888539999999e-03
  9  103   -2.2757786829999999e-03
  9  104   -1.1878963950000001e-03
  9  105    3.3454462889999999e-03
  9  106    7.6686315750000003e-03
  9  107    1.5249113270000001e-03
  9  108    3.6989110600000002e-04
  9  109   -3.6140002000000002e-05
  9  110   -4.1948830999999999e-04
 10    0    1.5681738329988201e+02
 10    1    4.6545051723899999e-01
 10    2    1.3620291660000000e-02
 10    3    1.9756697090000000e-03
 10    4    2.2491756330000000e-03
 10    5   -6.9548080299999999e-04
 10    6   -1.4592482400000001e-04
 10    7   -6.8445653425000003e-02
 10    8    1.7265450168999999e-01
 10    9   -1.7757930965000002e-02
 10   10    2.0121700909999998e-03
 10   11   -1.7501409970000000e-03
 10   12   -2.0829099959999999e-03
 10   13   -1.5738463600000000e-04
 10   14    1.6173401717700001e-01
 10   15   -5.0710603299999998e-04
 10   16    3.4809608753000001e-02
 10   17    5.4461542000000002e-05
 10   18    7.2606921720000002e-03
 10   19   -4.6902050999999999e-05
 10   20    1.5448310500000001e-04
 10   21    2.0954742622600001e-01
 10   22    9.8791186650999993e-02
 10   23    1.1755755481800000e-01
 10   24    3.9783394817000002e-02
 10   25    1.4714567810000001e-02
 10   26    3.5492051540000000e-03
 10   27   -3.3692759100000002e-04
 10   28   -8.0327265472999995e-02
 10   29   -4.6374724525000001e-02
 10   30    6.6283524840000003e-03
 10   31   -1.4841654738999999e-02
 10   32    1.0498538340000000e-03
 10   33    8.6476908200000004e-04
 10   34    1.2062572890000000e-03
 10   35    5.9153246459999996e-03
 10   36   -5.7968905309999999e-03
 10   37   -1.6282805649999999e-02
 10   38   -2.8988922649999999e-03
 10   39   -8.9043435299999995e-04
 10   40   -7.7698194800000005e-04
 10   41    3.6670021399999998e-04
 10   42    2.6109329191000001e-02
 10   43    2.5919569160000001e-03
 10   44    2.5852551700000000e-04
 10   45   -8.2492431700000003e-04
 10   46    8.0164322000000001e-05
 10   47    6.4597255000000005e-04
 10   48    4.0818500300000002e-04
 10   49    1.2217813391999999e-02
 10   50    2.5251872439999998e-03
 10   51   -3.2041474180000001e-03
 10   52   -1.7373150940000000e-03
 10   53   -2.0956476090000001e-03
 10   54   -1.2677749849999999e-03
 10   55   -6.4283965099999998e-04
 10   56   -1.8940109110000001e-03
 10   57    4.4510349000000000e-05
 10   58    2.1655022240000001e-03
 10   59    9.4885512500000001e-04
 10   60    2.2855833799999999e-04
 10   61   -8.0982800000000007e-05
 10   62   -2.4214785600000001e-04
 10   63   -1.6013332772399999e-01
 10   64   -1.8430646216900001e-01
 10   65   -1.0441173324100000e-01
 10   66    7.8624327900000002e-04
 10   67    2.7225819160000002e-03
 10   68   -4.2006893200000002e-04
 10   69   -5.8202383853000000e-02
 10   70   -1.4184539040399999e-01
 10   71    3.4364129040000001e-03
 10   72   -2.7416273890000001e-03
 10   73    9.3739430100000002e-04
 10   74   -1.5954687700000001e-04
 10   75   -1.5474049556800001e-01
 10   76   -1.1042713135300000e-01
 10   77   -3.5351532408000000e-02
 10   78   -1.3297772395000001e-02
 10   79   -3.6048431079999999e-03
 10   80   -1.3773922099999999e-04
 10   81    4.9900234650000000e-02
 10   82   -6.0857114579999996e-03
 10   83    2.5190832489999999e-02
 10   84   -7.5181259400000004e-04
 10   85   -6.4671851800000000e-04
 10   86   -1.2499633790000000e-03
 10   87    1.2700403965999999e-02
 10   88    2.7587841645000000e-02
 10   89    3.1693576799999998e-04
 10   90    9.9086265399999989e-04
 10   91    2.1276604800000000e-04
 10   92   -4.9675950399999998e-04
 10   93   -4.5913454959999999e-03
 10   94    4.5312573300000002e-04
 10   95    3.4082528200000002e-04
 10   96   -8.4327755799999996e-04
 10   97   -6.0750181599999997e-04
 10   98   -2.6201029900000002e-04
 10   99   -5.9084831769999997e-03
 10  100    2.4104016480000000e-03
 10  101    1.0698342410000001e-03
 10  102    2.0164507340000000e-03
 10  103    1.3985473939999999e-03
 10  104    6.1959263100000005e-04
 10  105   -8.1107455400000002e-04
 10  106   -3.8660552069999998e-03
 10  107   -5.5797084900000005e-04
 10  108    1.0948978000000000e-05
 10  109    9.4492665999999998e-05
 10  110    2.8422685000000002e-04
 12    0    1.5432616302354899e+02
 12    1    3.1224692862000001e-02
 12    2   -1.8568757881600001e-01
 12    3   -1.1874452299300001e-01
 12    4   -6.7781935600000004e-03
 12    5   -9.1995431139999997e-03
 12    6    1.8337725700000001e-04
 12    7   -2.9873598288300002e-01
 12    8    1.9601826603500000e-01
 12    9    1.8192087946999998e-02
 12   10   -1.0369304609999999e-02
 12   11   -5.3199219699999998e-04
 12   12   -1.6150166350000000e-03
 12   13    1.7778224599999999e-04
 12   14    5.1910380070399997e-01
 12   15    1.0524925368700000e-01
 12   16    1.9958795852999998e-02
 12   17    1.5874701506000000e-02
 12   18    1.7779295150000000e-03
 12   19    2.1623498399999999e-04
 12   20   -5.4842888300000005e-04
 12   21    8.0279650677000006e-02
 12   22   -7.0829843170999995e-02
 12   23    9.7646581481000000e-02
 12   24   -3.2205129651000003e-02
 12   25    2.1797661030000001e-03
 12   26   -1.4469722659999999e-03
 12   27   -2.9669445000000001e-05
 12   28   -5.7753933347999997e-02
 12   29   -1.2062883069000000e-02
 12   30   -7.8986397800000002e-04
 12   31    1.6783372889999999e-03
 12   32    1.4229240890000000e-03
 12   33   -1.0055906560000000e-03
 12   34   -3.5436772999999997e-04
 12   35   -1.7483474709999999e-02
 12   36   -1.0383963112000001e-02
 12   37   -3.1420606900000002e-03
 12   38   -5.6947741430000004e-03
 12   39   -2.7577108159999998e-03
 12   40   -9.8933008699999994e-04
 12   41   -2.0669447300000000e-04
 12   42    3.5518547502000002e-02
 12   43    2.3166769439999998e-03
 12   44   -1.1033948867000000e-02
 12   45   -2.6654989189999999e-03
 12   46   -3.9370293889999996e-03
 12   47   -2.4119637210000002e-03
 12   48   -8.4253854399999998e-04
 12   49    7.8957490570000007e-03
 12   50    2.1486236900000000e-03
 12   51    1.5570715840000000e-03
 12   52    2.9791338000000001e-05
 12   53   -4.1119273799999998e-04
 12   54   -3.5795061499999998e-04
 12   55   -3.4079846400000000e-04
 12   56   -1.6069008100000001e-04
 12   57    4.7789693899999999e-04
 12   58    8.2232288700000004e-04
 12   59    8.2027123099999997e-04
 12   60    3.7238255300000000e-04
 12   61   -7.4365059000000005e-05
 12   62   -2.5890495499999999e-04
 12   63   -1.2113352163400000e-01
 12   64   -1.2628250746899999e-01
 12   65    4.5399103270000003e-03
 12   66    4.2377132070000002e-03
 12   67    1.2346897540000000e-03
 12   68    8.6063476099999998e-04
 12   69   -2.0492739947700001e-01
 12   70   -4.7807015070999999e-02
 12   71   -2.2773501920000001e-02
 12   72    1.4180812579999999e-03
 12   73    1.3793037480000000e-03
 12   74    7.5870810699999998e-04
 12   75    1.3358609283000001e-02
 12   76   -1.2906935280400000e-01
 12   77    6.4278056585000007e-02
 12   78    7.7548575200000005e-04
 12   79    4.5604357900000001e-04
 12   80    2.7439096799999999e-04
 12   81    1.7423478576999999e-02
 12   82    1.5376963986000001e-02
 12   83    3.0909046900000001e-04
 12   84   -9.4428163400000001e-04
 12   85    5.7447152099999999e-04
 12   86    8.3662485000000000e-05
 12   87    2.0480973973000000e-02
 12   88    1.0186135236000000e-02
 12   89    6.2228724439999999e-03
 12   90    2.1680132920000000e-03
 12   91    7.2026695499999998e-04
 12   92    2.2724402100000001e-04
 12   93   -8.0710665479999995e-03
 12   94    1.4190944261000000e-02
 12   95    6.6113372399999998e-04
 12   96    2.9840347009999998e-03
 12   97    2.3779442730000001e-03
 12   98    8.8870890099999997e-04
 12   99   -4.9823428040000001e-03
 12  100   -3.0041727210000000e-03
 12  101   -6.1513173299999999e-04
 12  102    1.3063982199999999e-04
 12  103    5.8028271599999996e-04
 12  104    3.6654223500000001e-04
 12  105   -2.0359316889999998e-03
 12  106   -1.6292546419999999e-03
 12  107   -8.7807820699999995e-04
 12  108   -6.0084324000000002e-05
 12  109    1.1718262600000000e-04
 12  110    1.7170142599999999e-04
 14    0    1.0841583214353300e+02
 14    1   -2.8225327990999999e-02
 14    2   -3.1173525021000001e-02
 14    3    2.7431770057200000e-01
 14    4    1.8443288139000001e-02
 14    5    3.4301705800000000e-03
 14    6    3.4103683699999998e-03
 14    7   -2.5509225658000001e-01
 14    8   -1.8896977247899999e-01
 14    9   -3.2716567644700001e-01
 14   10   -4.1087069307999997e-02
 14   11   -1.0139907684000001e-02
 14   12    2.1604895469999998e-03
 14   13    1.1920819310000000e-03
 14   14   -4.7416102230999999e-02
 14   15    1.0717731645400000e-01
 14   16   -2.0198970311200001e-01
 14   17   -6.9703672031000002e-02
 14   18   -2.8522149665000000e-02
 14   19   -6.2813195009999998e-03
 14   20    2.2523648000000000e-04
 14   21   -8.4420582879999994e-03
 14   22    7.7163188381999995e-02
 14   23   -1.6618762065500001e-01
 14   24   -7.4854588432999997e-02
 14   25   -5.0906668765000003e-02
 14   26   -2.1544960803000002e-02
 14   27   -5.3095298230000001e-03
 14   28    1.8403684539000001e-02
 14   29    8.6910287459999996e-03
 14   30   -1.8848707563000000e-02
 14   31   -2.7322260784000001e-02
 14   32   -2.5666104336999999e-02
 14   33   -1.1947446344000001e-02
 14   34   -4.1379629000000001e-03
 14   35    1.5187286689999999e-03
 14   36    9.7517860980000006e-03
 14   37    2.8101991999999998e-03
 14   38   -3.1871197370000001e-03
 14   39   -7.3979551270000003e-03
 14   40   -5.6589983650000000e-03
 14   41   -2.7748156270000000e-03
 14   42    1.3309103300000000e-03
 14   43   -6.8450249760000003e-03
 14   44    6.0058906679999998e-03
 14   45    5.2847030750000001e-03
 14   46    2.4625025260000002e-03
 14   47    2.5924670599999998e-04
 14   48   -4.5772446799999998e-04
 14   49   -2.6405595480000002e-03
 14   50   -3.8067385979999998e-03
 14   51   -2.6166823000000001e-05
 14   52    6.6673351299999998e-04
 14   53    8.5457530999999995e-04
 14   54    4.7372591099999997e-04
 14   55   -4.6139283000000001e-05
 14   56   -3.0487343000000001e-04
 14   57   -3.5637103000000001e-04
 14   58   -6.5542184299999999e-04
 14   59   -5.6308700799999995e-04
 14   60    6.3810804999999996e-05
 14   61    4.2039188199999999e-04
 14   62    1.8205500800000000e-04
 14   63    2.9553601680300001e-01
 14   64    3.0213856967800001e-01
 14   65    7.5644450740999999e-02
 14   66    1.4480786020999999e-02
 14   67   -1.2959328710000001e-03
 14   68   -2.9628588410000002e-03
 14   69    1.9598687827700001e-01
 14   70    2.0981099964500000e-01
 14   71    6.8881582954000001e-02
 14   72    2.7092591754000001e-02
 14   73    4.9704578400000003e-03
 14   74   -1.7382315810000001e-03
 14   75    3.3637460341600001e-01
 14   76    1.5352705623200000e-01
 14   77    8.6878153612000006e-02
 14   78    4.1106483760999998e-02
 14   79    2.0085604024000000e-02
 14   80    4.7952212900000003e-03
 14   81   -2.1024631900000001e-04
 14   82    1.6662055012000000e-02
 14   83    2.2336945489000001e-02
 14   84    2.2396383042000000e-02
 14   85    1.1987441236000001e-02
 14   86    4.5393416690000001e-03
 14   87   -1.2656707927999999e-02
 14   88   -6.5309617590000001e-03
 14   89   -1.4534153399999999e-03
 14   90    7.9554071790000000e-03
 14   91    6.2459584140000003e-03
 14   92    2.9018487750000002e-03
 14   93    5.5881676250000003e-03
 14   94   -9.4440902540000003e-03
 14   95   -4.3019577440000000e-03
 14   96   -5.9152512100000003e-04
 14   97   -1.8385552899999999e-04
 14   98    3.4930447599999998e-04
 14   99    2.5170945760000000e-03
 14  100    1.3585674190000000e-03
 14  101    6.3928668599999995e-04
 14  102   -8.6551788700000003e-04
 14  103   -5.5262774300000005e-04
 14  104   -4.6411149000000001e-05
 14  105    7.6401881299999999e-04
 14  106    1.4657214630000000e-03
 14  107    7.1684361400000003e-04
 14  108   -2.8440946100000001e-04
 14  109   -4.3590500199999999e-04
 14  110   -2.0912003699999999e-04
 17    0   -1.6825982372444199e+02
 17    1    1.4508132803500001e-01
 17    2   -2.9807971292999998e-02
 17    3   -3.7561456950000001e-03
 17    4   -1.4893467140000001e-03
 17    5   -8.4553433799999995e-04
 17    6    1.1482873300000000e-04
 17    7   -1.2402026597300000e-01
 17    8    3.3000003434500003e-01
 17    9    6.0792189753999998e-02
 17   10    5.4128303000000001e-03
 17   11   -4.2231336680000004e-03
 17   12   -3.3890243290000000e-03
 17   13   -4.7952130599999998e-04
 17   14   -1.0984300167000000e-01
 17   15    3.1401304024600002e-01
 17   16    2.2375064323200000e-01
 17   17    4.5438698803999998e-02
 17   18    1.9987464675999999e-02
 17   19    2.2954952560000001e-03
 17   20   -3.1104233200000001e-04
 17   21    3.4222202168000003e-02
 17   22    1.9066625893000001e-02
 17   23    4.0877730693999997e-02
 17   24    2.6365363887000001e-02
 17   25    1.1610567404999999e-02
 17   26    3.3834053369999999e-03
 17   27    4.4508861900000003e-04
 17   28   -7.1197846176000001e-02
 17   29   -5.6547708263999998e-02
 17   30   -7.3952502040000000e-03
 17   31   -7.4329915420000003e-03
 17   32    4.8962036489999996e-03
 17   33    2.6446784710000000e-03
 17   34    1.6477369910000001e-03
 17   35    1.7628262214000000e-02
 17   36   -3.2155496670000002e-03
 17   37   -1.2670513819999999e-03
 17   38    6.2934204029999998e-03
 17   39    4.1444246240000000e-03
 17   40    2.4127774330000001e-03
 17   41    1.4603579750000000e-03
 17   42    2.3888936186999998e-02
 17   43   -4.2663973900000001e-04
 17   44   -6.2962290700000001e-03
 17   45   -3.6877379370000001e-03
 17   46   -1.6454889720000001e-03
 17   47   -7.9857794000000003e-05
 17   48    5.7834064000000004e-04
 17   49    1.0713059904000000e-02
 17   50    3.0694719140000001e-03
 17   51   -3.2580039900000001e-03
 17   52   -2.1067597179999999e-03
 17   53   -2.4880962309999999e-03
 17   54   -1.2778299079999999e-03
 17   55   -5.9986032600000002e-04
 17   56   -6.5138114400000000e-04
 17   57    1.0763512709999999e-03
 17   58    2.4983620810000002e-03
 17   59    1.2015607540000000e-03
 17   60    4.6426837200000003e-04
 17   61    1.7349489000000000e-05
 17   62   -1.3207824700000001e-04
 17   63   -2.2846093996299999e-01
 17   64   -2.4371951191899999e-01
 17   65   -7.2875565525000005e-02
 17   66    1.2575874100000000e-04
 17   67    3.2999665989999999e-03
 17   68    3.0651425200000000e-04
 17   69   -2.8323258315400002e-01
 17   70   -3.8117827256499998e-01
 17   71   -3.7638067198000003e-02
 17   72   -1.7085828583000000e-02
 17   73   -1.5878889909999999e-03
 17   74    8.3162003300000001e-04
 17   75   -5.8474860088999998e-02
 17   76   -4.3563812702999999e-02
 17   77   -2.0632902883000001e-02
 17   78   -9.8570894350000007e-03
 17   79   -2.5849439369999999e-03
 17   80   -4.3244542299999999e-04
 17   81    5.7060078435000001e-02
 17   82    8.0254714910000004e-03
 17   83    1.7365512965999998e-02
 17   84   -3.7416384960000000e-03
 17   85   -2.2606144289999998e-03
 17   86   -1.7569467300000000e-03
 17   87    5.4177071669999997e-03
 17   88    1.1726759575000001e-02
 17   89   -7.1165567670000004e-03
 17   90   -4.8694422850000000e-03
 17   91   -2.8316041779999999e-03
 17   92   -1.5659662830000000e-03
 17   93   -7.2789085399999997e-04
 17   94    8.9727917410000000e-03
 17   95    2.9155954330000000e-03
 17   96    6.3238268899999998e-04
 17   97    9.0712084999999994e-05
 17   98   -4.7639074300000000e-04
 17   99   -5.4184768760000002e-03
 17  100    2.4891270400000001e-03
 17  101    1.2232377530000001e-03
 17  102    2.2993441770000002e-03
 17  103    1.5077128830000000e-03
 17  104    5.9593221599999998e-04
 17  105   -2.0403681760000000e-03
 17  106   -4.0623422220000000e-03
 17  107   -8.5792088300000002e-04
 17  108   -4.3412573100000000e-04
 17  109    1.0665416600000000e-04
 17  110    1.7923857200000001e-04
 19    0    1.7106025502778300e+02
 19    1    5.3683490696000001e-02
 19    2   -8.5900589282000006e-02
 19    3    1.4103830836600001e-01
 19    4    1.3748931612000000e-02
 19    5   -8.6351027199999995e-04
 19    6   -2.5909196299999998e-04
 19    7    3.6818250131600000e-01
 19    8   -1.5528492452100001e-01
 19    9    9.0491555670000005e-03
 19   10    5.8315030020000000e-03
 19   11   -5.2252053599999998e-04
 19   12    1.5630558620000001e-03
 19   13    1.3435802000000000e-04
 19   14   -1.8936460535399999e-01
 19   15   -1.0839344050600000e-01
 19   16   -1.6610003556000001e-02
 19   17   -1.6487919455999998e-02
 19   18   -2.6434470679999999e-03
 19   19    1.7636413999999999e-04
 19   20    6.8483841299999998e-04
 19   21    5.4612620994000001e-02
 19   22    4.5907643507000002e-02
 19   23   -5.5352677978000003e-02
 19   24    1.8833029902999999e-02
 19   25   -3.7918416149999999e-03
 19   26    6.9390889200000004e-04
 19   27   -9.9607703000000007e-05
 19   28    3.6452487499000000e-02
 19   29    9.6735620019999993e-03
 19   30   -3.2735863799999998e-04
 19   31   -3.6722169250000001e-03
 19   32   -1.6153421320000000e-03
 19   33    3.7907272800000001e-04
 19   34    2.4992659299999999e-04
 19   35   -4.9230250890000002e-03
 19   36    8.5689350759999994e-03
 19   37    1.8665143310000001e-03
 19   38    4.0665616230000003e-03
 19   39    1.8170800799999999e-03
 19   40    5.8292590199999995e-04
 19   41    1.9839152500000001e-04
 19   42   -3.0260555033000000e-02
 19   43   -3.2320329750000001e-03
 19   44    8.0465944470000002e-03
 19   45    3.0956087650000001e-03
 19   46    2.5190079900000001e-03
 19   47    1.8186628950000001e-03
 19   48    3.6281371399999999e-04
 19   49   -6.5284986210000003e-03
 19   50   -2.2099160719999998e-03
 19   51   -1.5325910500000000e-03
 19   52    4.6010349999999999e-05
 19   53    4.2420551399999999e-04
 19   54    3.0451210700000001e-04
 19   55    2.8582941799999999e-04
 19   56   -6.6953546599999995e-04
 19   57   -1.0106097050000000e-03
 19   58   -8.2465793399999997e-04
 19   59   -7.2479329499999996e-04
 19   60   -2.6462745799999999e-04
 19   61    2.4161008000000000e-05
 19   62    2.4167985499999999e-04
 19   63    9.5554219548000002e-02
 19   64    9.6052458694000004e-02
 19   65    1.0105973740000000e-03
 19   66   -1.8391600680000000e-03
 19   67   -1.5361642570000001e-03
 19   68   -1.1595725360000000e-03
 19   69    1.2414419690300001e-01
 19   70    8.0426456948000005e-02
 19   71    2.7251560575000000e-02
 19   72   -4.5845712699999999e-04
 19   73   -9.1858791300000004e-04
 19   74   -8.8712436199999995e-04
 19   75   -2.1611876698000000e-02
 19   76    8.9777372859999996e-02
 19   77   -4.1213395069000000e-02
 19   78    5.6423528200000002e-04
 19   79   -1.5096489309999999e-03
 19   80    7.2250416999999995e-05
 19   81   -1.2867099553000000e-02
 19   82   -1.2229486856000000e-02
 19   83    2.3864534720000000e-03
 19   84    6.4714741000000003e-04
 19   85   -1.4083126600000000e-04
 19   86    3.6516044999999997e-05
 19   87   -1.3839856009000000e-02
 19   88   -8.2853100939999993e-03
 19   89   -4.8777622499999998e-03
 19   90   -1.4798848619999999e-03
 19   91   -2.2673889600000001e-04
 19   92   -4.3668304999999997e-05
 19   93    6.0154533420000000e-03
 19   94   -1.2455828641000000e-02
 19   95   -5.2073234000000004e-04
 19   96   -1.9536393290000001e-03
 19   97   -1.4458886129999999e-03
 19   98   -4.2090105500000000e-04
 19   99    4.3685124170000002e-03
 19  100    2.6648653570000001e-03
 19  101    7.0548082099999995e-04
 19  102   -1.7738008000000000e-05
 19  103   -4.0135437699999999e-04
 19  104   -3.8516468799999998e-04
 19  105    2.3296558420000000e-03
 19  106    1.7201730870000001e-03
 19  107    8.5276438000000000e-04
 19  108    9.7008360999999998e-05
 19  109   -1.4197014200000000e-04
 19  110   -2.0466364799999999e-04
