0 0 0 0           1.519437662872
 0 1 0 1           0.001132599196
 0 2 0 2          -0.002021430006
 0 3 0 3           0.000034400584
 0 4 0 4           0.000040415554
 0 5 0 5          -0.000007821650
 0 6 0 6          -0.000003824560
 0 7 0 7          -0.000001330450
 0 8 0 8           0.000000299577
 0 9 1 0           0.004633674944
 0 10 1 1          -0.000799402445
 0 11 1 2          -0.000417679391
 0 12 1 3           0.000126460194
 0 13 1 4          -0.000002700855
 0 14 1 5          -0.000004049894
 0 15 1 6          -0.000002483717
 0 16 1 7          -0.000000987025
 0 17 1 8          -0.000000524237
 0 18 2 0           0.009405187341
 0 19 2 1          -0.000348400812
 0 20 2 2          -0.000186030950
 0 21 2 3           0.000140035475
 0 22 2 4           0.000029327363
 0 23 2 5           0.000011883774
 0 24 2 6           0.000002499524
 0 25 2 7           0.000000128238
 0 26 2 8          -0.000000306343
 0 27 3 0           0.011924459292
 0 28 3 1           0.000610430922
 0 29 3 2          -0.000173613107
 0 30 3 3           0.000188169159
 0 31 3 4          -0.000012537258
 0 32 3 5           0.000008523000
 0 33 3 6           0.000006168689
 0 34 3 7           0.000001427919
 0 35 3 8          -0.000000188965
 0 36 4 0           0.000529597612
 0 37 4 1           0.000065696628
 0 38 4 2           0.000106007142
 0 39 4 3           0.000014159517
 0 40 4 4           0.000009444014
 0 41 4 5           0.000011854022
 0 42 4 6           0.000004652687
 0 43 4 7           0.000001961280
 0 44 4 8           0.000000522910
 0 45 5 0           0.000354767884
 0 46 5 1           0.000015753442
 0 47 5 2           0.000008674188
 0 48 5 3           0.000027314774
 0 49 5 4           0.000015413455
 0 50 5 5           0.000007489269
 0 51 5 6           0.000003732907
 0 52 5 7           0.000001908159
 0 53 5 8           0.000000844196
 0 54 6 0           0.000392176143
 0 55 6 1           0.000023849476
 0 56 6 2           0.000038217819
 0 57 6 3           0.000015296366
 0 58 6 4           0.000006236471
 0 59 6 5           0.000008268126
 0 60 6 6           0.000002489813
 0 61 6 7           0.000001569848
 0 62 6 8           0.000000972077
 0 63 7 0           0.000003675741
 0 64 7 1          -0.000012478817
 0 65 7 2           0.000004174380
 0 66 7 3          -0.000005869417
 0 67 7 4          -0.000000308769
 0 68 7 5           0.000000933565
 0 69 7 6           0.000001831326
 0 70 7 7           0.000000743941
 0 71 7 8           0.000000287018
 0 72 8 0          -0.000004264295
 0 73 8 1          -0.000004332326
 0 74 8 2          -0.000002534875
 0 75 8 3          -0.000003250234
 0 76 8 4          -0.000000720873
 0 77 8 5           0.000000409602
 0 78 8 6           0.000000990112
 0 79 8 7           0.000000712569
 0 80 8 8           0.000000019806
 0 81 1 1           0.000518338141
 0 82 1 2           0.000214007011
 0 83 1 3          -0.000194389328
 0 84 1 4          -0.000016666995
 0 85 1 5          -0.000000607242
 0 86 1 6          -0.000002843100
 0 87 1 7           0.000001629143
 0 88 1 8           0.000001486399
 0 89 2 1          -0.000229667980
 0 90 2 2           0.000247728747
 0 91 2 3          -0.000072354424
 0 92 2 4          -0.000051679205
 0 93 2 5          -0.000011765366
 0 94 2 6          -0.000001361027
 0 95 2 7           0.000000276959
 0 96 2 8           0.000001440461
 0 97 3 1          -0.002066643849
 0 98 3 2           0.000212300401
 0 99 3 3          -0.000096763900
 0 100 3 4          -0.000030939626
 0 101 3 5          -0.000013780030
 0 102 3 6          -0.000003342836
 0 103 3 7          -0.000000205918
 0 104 3 8           0.000000579293
 0 105 4 1          -0.000160326304
 0 106 4 2          -0.000162142066
 0 107 4 3          -0.000017498818
 0 108 4 4          -0.000012495153
 0 109 4 5          -0.000009268536
 0 110 4 6          -0.000003637688
 0 111 4 7          -0.000001854234
 0 112 4 8          -0.000000688137
 0 113 5 1          -0.000096128657
 0 114 5 2          -0.000016225211
 0 115 5 3          -0.000027856426
 0 116 5 4          -0.000011770471
 0 117 5 5          -0.000005874588
 0 118 5 6          -0.000004107838
 0 119 5 7          -0.000002058422
 0 120 5 8          -0.000000767917
 0 121 6 1          -0.000153259115
 0 122 6 2          -0.000041588965
 0 123 6 3           0.000001489663
 0 124 6 4          -0.000007061268
 0 125 6 5          -0.000009281232
 0 126 6 6          -0.000002434578
 0 127 6 7          -0.000001879174
 0 128 6 8          -0.000000587157
 0 129 7 1           0.000010213411
 0 130 7 2           0.000000812517
 0 131 7 3           0.000008113189
 0 132 7 4           0.000000266342
 0 133 7 5          -0.000001040083
 0 134 7 6          -0.000001660318
 0 135 7 7          -0.000000954981
 0 136 7 8           0.000000338438
 0 137 8 1           0.000010036803
 0 138 8 2           0.000004513575
 0 139 8 3           0.000001735104
 0 140 8 4           0.000000382498
 0 141 8 5          -0.000000520158
 0 142 8 6          -0.000000461927
 0 143 8 7          -0.000000218927
 0 144 8 8           0.000000024559
 1 0 0 0           1.421961349788
 1 1 0 1          -0.001531289566
 1 2 0 2           0.000470545107
 1 3 0 3           0.001655799914
 1 4 0 4          -0.000054165967
 1 5 0 5           0.000003292879
 1 6 0 6           0.000026143307
 1 7 0 7           0.000000078831
 1 8 0 8          -0.000001085583
 1 9 1 0          -0.004547705412
 1 10 1 1          -0.000404742059
 1 11 1 2           0.000111782672
 1 12 1 3          -0.000094865199
 1 13 1 4           0.000006684667
 1 14 1 5           0.000010832031
 1 15 1 6           0.000002528171
 1 16 1 7           0.000000247321
 1 17 1 8           0.000000107952
 1 18 2 0          -0.001794620161
 1 19 2 1          -0.000198763062
 1 20 2 2           0.000176141857
 1 21 2 3          -0.000042647276
 1 22 2 4           0.000005266573
 1 23 2 5          -0.000003576363
 1 24 2 6          -0.000000797314
 1 25 2 7           0.000001356023
 1 26 2 8           0.000000281766
 1 27 3 0           0.000721082891
 1 28 3 1          -0.000497172572
 1 29 3 2           0.000325599588
 1 30 3 3          -0.000190564228
 1 31 3 4          -0.000074990504
 1 32 3 5          -0.000014166099
 1 33 3 6          -0.000004241614
 1 34 3 7          -0.000001340798
 1 35 3 8           0.000000731992
 1 36 4 0           0.000201186722
 1 37 4 1           0.000026081966
 1 38 4 2           0.000000781950
 1 39 4 3          -0.000037374651
 1 40 4 4          -0.000023122625
 1 41 4 5          -0.000016962058
 1 42 4 6          -0.000005622057
 1 43 4 7          -0.000001198436
 1 44 4 8           0.000000003317
 1 45 5 0          -0.000001230969
 1 46 5 1          -0.000011143603
 1 47 5 2          -0.000005419991
 1 48 5 3          -0.000026306873
 1 49 5 4          -0.000016207457
 1 50 5 5          -0.000011337229
 1 51 5 6          -0.000005257425
 1 52 5 7          -0.000001740571
 1 53 5 8          -0.000000434260
 1 54 6 0           0.000020500730
 1 55 6 1           0.000002746166
 1 56 6 2          -0.000021130628
 1 57 6 3          -0.000008905425
 1 58 6 4          -0.000008053812
 1 59 6 5          -0.000008012676
 1 60 6 6          -0.000003594799
 1 61 6 7          -0.000002187374
 1 62 6 8          -0.000001134398
 1 63 7 0           0.000012714003
 1 64 7 1           0.000005569354
 1 65 7 2           0.000007129449
 1 66 7 3           0.000001016116
 1 67 7 4          -0.000000815666
 1 68 7 5          -0.000001698610
 1 69 7 6          -0.000001920527
 1 70 7 7          -0.000001024961
 1 71 7 8          -0.000000788442
 1 72 8 0          -0.000002415908
 1 73 8 1           0.000000849906
 1 74 8 2           0.000002276081
 1 75 8 3           0.000000987656
 1 76 8 4           0.000000610469
 1 77 8 5          -0.000000393968
 1 78 8 6          -0.000000707757
 1 79 8 7          -0.000000661807
 1 80 8 8          -0.000000337543
 1 81 1 1           0.000479864954
 1 82 1 2          -0.000247362245
 1 83 1 3           0.000125785627
 1 84 1 4           0.000009620327
 1 85 1 5          -0.000014194047
 1 86 1 6           0.000000749594
 1 87 1 7          -0.000000581218
 1 88 1 8          -0.000000803812
 1 89 2 1           0.000310009996
 1 90 2 2          -0.000635951773
 1 91 2 3          -0.000010308630
 1 92 2 4           0.000001119435
 1 93 2 5          -0.000003296665
 1 94 2 6          -0.000001204442
 1 95 2 7          -0.000000838778
 1 96 2 8          -0.000000761000
 1 97 3 1           0.000442729211
 1 98 3 2           0.000129170674
 1 99 3 3           0.000293267414
 1 100 3 4           0.000061881608
 1 101 3 5           0.000011759328
 1 102 3 6           0.000005019888
 1 103 3 7           0.000000318674
 1 104 3 8          -0.000000921545
 1 105 4 1          -0.000000992937
 1 106 4 2           0.000019915959
 1 107 4 3           0.000027564537
 1 108 4 4           0.000022424086
 1 109 4 5           0.000014895426
 1 110 4 6           0.000005387630
 1 111 4 7           0.000001118901
 1 112 4 8           0.000000119149
 1 113 5 1           0.000027106627
 1 114 5 2           0.000020345851
 1 115 5 3           0.000017445016
 1 116 5 4           0.000015749452
 1 117 5 5           0.000011527611
 1 118 5 6           0.000005115262
 1 119 5 7           0.000001898423
 1 120 5 8           0.000000463848
 1 121 6 1          -0.000007996458
 1 122 6 2           0.000032825291
 1 123 6 3           0.000005253341
 1 124 6 4           0.000009045676
 1 125 6 5           0.000006623678
 1 126 6 6           0.000004270241
 1 127 6 7           0.000002504150
 1 128 6 8           0.000001041776
 1 129 7 1          -0.000011433246
 1 130 7 2          -0.000007807008
 1 131 7 3           0.000000214696
 1 132 7 4           0.000000179741
 1 133 7 5           0.000001733884
 1 134 7 6           0.000002004972
 1 135 7 7           0.000001210132
 1 136 7 8           0.000000600242
 1 137 8 1          -0.000002503257
 1 138 8 2          -0.000003052996
 1 139 8 3          -0.000001012427
 1 140 8 4           0.000000226821
 1 141 8 5           0.000000472566
 1 142 8 6           0.000000405697
 1 143 8 7           0.000000418722
 1 144 8 8           0.000000299705
 2 0 0 0           1.391580189554
 2 1 0 1           0.001784847860
 2 2 0 2          -0.000180511506
 2 3 0 3          -0.000010971277
 2 4 0 4          -0.000008884643
 2 5 0 5          -0.000006303305
 2 6 0 6          -0.000001877237
 2 7 0 7           0.000000884143
 2 8 0 8          -0.000000008327
 2 9 1 0          -0.002648091294
 2 10 1 1           0.004719706871
 2 11 1 2           0.001962474452
 2 12 1 3           0.000160735758
 2 13 1 4           0.000030134937
 2 14 1 5          -0.000015838138
 2 15 1 6          -0.000007477839
 2 16 1 7          -0.000000935874
 2 17 1 8          -0.000000085266
 2 18 2 0          -0.002590777893
 2 19 2 1           0.001420870385
 2 20 2 2           0.000943970932
 2 21 2 3           0.000263328857
 2 22 2 4           0.000099259846
 2 23 2 5           0.000019507980
 2 24 2 6           0.000000441015
 2 25 2 7          -0.000001302372
 2 26 2 8          -0.000000816531
 2 27 3 0           0.000449949427
 2 28 3 1          -0.000019545451
 2 29 3 2           0.000208413806
 2 30 3 3           0.000175451119
 2 31 3 4           0.000083063716
 2 32 3 5           0.000029688993
 2 33 3 6           0.000005872145
 2 34 3 7          -0.000000265288
 2 35 3 8          -0.000000527163
 2 36 4 0           0.000101401090
 2 37 4 1          -0.000129243805
 2 38 4 2           0.000035735099
 2 39 4 3           0.000064209645
 2 40 4 4           0.000069307298
 2 41 4 5           0.000030883459
 2 42 4 6           0.000015492303
 2 43 4 7           0.000003367995
 2 44 4 8           0.000000635131
 2 45 5 0          -0.000028615725
 2 46 5 1          -0.000052605636
 2 47 5 2          -0.000010140384
 2 48 5 3           0.000021528527
 2 49 5 4           0.000031745603
 2 50 5 5           0.000022850714
 2 51 5 6           0.000013541271
 2 52 5 7           0.000006107927
 2 53 5 8           0.000001622181
 2 54 6 0           0.000003902489
 2 55 6 1          -0.000015137146
 2 56 6 2          -0.000030876996
 2 57 6 3          -0.000013215103
 2 58 6 4           0.000002344966
 2 59 6 5           0.000007386957
 2 60 6 6           0.000008042977
 2 61 6 7           0.000004634244
 2 62 6 8           0.000001736210
 2 63 7 0           0.000025889279
 2 64 7 1           0.000012809056
 2 65 7 2          -0.000007964352
 2 66 7 3          -0.000009678514
 2 67 7 4          -0.000008520387
 2 68 7 5          -0.000001488640
 2 69 7 6           0.000001175209
 2 70 7 7           0.000001574544
 2 71 7 8           0.000000792208
 2 72 8 0          -0.000001182198
 2 73 8 1           0.000005586845
 2 74 8 2           0.000004529267
 2 75 8 3           0.000000232982
 2 76 8 4          -0.000001326553
 2 77 8 5          -0.000001381093
 2 78 8 6          -0.000000347002
 2 79 8 7           0.000000002892
 2 80 8 8           0.000000523846
 2 81 1 1          -0.002955376684
 2 82 1 2          -0.001596829307
 2 83 1 3          -0.000112699641
 2 84 1 4          -0.000052984000
 2 85 1 5           0.000008530888
 2 86 1 6           0.000010449854
 2 87 1 7           0.000002765429
 2 88 1 8           0.000000040440
 2 89 2 1          -0.001188012931
 2 90 2 2          -0.001745267493
 2 91 2 3          -0.000278148636
 2 92 2 4          -0.000101616445
 2 93 2 5          -0.000017898305
 2 94 2 6           0.000002988524
 2 95 2 7           0.000002552116
 2 96 2 8           0.000000446788
 2 97 3 1          -0.000209474161
 2 98 3 2          -0.000254027891
 2 99 3 3          -0.000163327168
 2 100 3 4          -0.000074702430
 2 101 3 5          -0.000026539422
 2 102 3 6          -0.000005551079
 2 103 3 7           0.000000229149
 2 104 3 8           0.000000310465
 2 105 4 1           0.000052868657
 2 106 4 2           0.000001354574
 2 107 4 3          -0.000042861385
 2 108 4 4          -0.000066744480
 2 109 4 5          -0.000030056034
 2 110 4 6          -0.000015789135
 2 111 4 7          -0.000004259524
 2 112 4 8          -0.000000566649
 2 113 5 1           0.000059774053
 2 114 5 2           0.000027491782
 2 115 5 3          -0.000018512618
 2 116 5 4          -0.000032562683
 2 117 5 5          -0.000024315111
 2 118 5 6          -0.000013947678
 2 119 5 7          -0.000006082423
 2 120 5 8          -0.000001596208
 2 121 6 1           0.000031115450
 2 122 6 2           0.000031338480
 2 123 6 3           0.000011040619
 2 124 6 4          -0.000004374249
 2 125 6 5          -0.000007756290
 2 126 6 6          -0.000007702696
 2 127 6 7          -0.000004590532
 2 128 6 8          -0.000001795946
 2 129 7 1          -0.000010926822
 2 130 7 2           0.000004183816
 2 131 7 3           0.000008689523
 2 132 7 4           0.000007280890
 2 133 7 5           0.000001861711
 2 134 7 6          -0.000001120913
 2 135 7 7          -0.000001308799
 2 136 7 8          -0.000000835248
 2 137 8 1          -0.000006306284
 2 138 8 2          -0.000008669209
 2 139 8 3           0.000000077001
 2 140 8 4           0.000001446398
 2 141 8 5           0.000001667724
 2 142 8 6           0.000000255662
 2 143 8 7          -0.000000168847
 2 144 8 8          -0.000000412966
 3 0 0 0           1.540763438751
 3 1 0 1           0.000731655182
 3 2 0 2          -0.000045080708
 3 3 0 3           0.000022225225
 3 4 0 4           0.000000815139
 3 5 0 5          -0.000004647748
 3 6 0 6          -0.000000527615
 3 7 0 7           0.000000140559
 3 8 0 8          -0.000000094717
 3 9 1 0           0.000238682219
 3 10 1 1          -0.001387691987
 3 11 1 2          -0.000636137999
 3 12 1 3          -0.000060177794
 3 13 1 4          -0.000011962796
 3 14 1 5           0.000005174936
 3 15 1 6           0.000002276953
 3 16 1 7           0.000000435164
 3 17 1 8          -0.000000076678
 3 18 2 0          -0.000440672228
 3 19 2 1          -0.000334676097
 3 20 2 2          -0.000241244620
 3 21 2 3          -0.000104420475
 3 22 2 4          -0.000035637903
 3 23 2 5          -0.000009382078
 3 24 2 6          -0.000001245793
 3 25 2 7           0.000000125096
 3 26 2 8           0.000000338534
 3 27 3 0          -0.000902071420
 3 28 3 1          -0.000104727474
 3 29 3 2          -0.000038825593
 3 30 3 3          -0.000013625434
 3 31 3 4           0.000008335998
 3 32 3 5           0.000000695320
 3 33 3 6           0.000000620284
 3 34 3 7           0.000000365981
 3 35 3 8          -0.000000022744
 3 36 4 0          -0.000078266057
 3 37 4 1           0.000034231911
 3 38 4 2          -0.000012951306
 3 39 4 3          -0.000006128798
 3 40 4 4          -0.000012705091
 3 41 4 5          -0.000005624765
 3 42 4 6          -0.000002567409
 3 43 4 7          -0.000000970416
 3 44 4 8          -0.000000161052
 3 45 5 0          -0.000028781287
 3 46 5 1           0.000022626614
 3 47 5 2           0.000013562198
 3 48 5 3           0.000000191508
 3 49 5 4          -0.000003992088
 3 50 5 5          -0.000003915458
 3 51 5 6          -0.000002155530
 3 52 5 7          -0.000001403341
 3 53 5 8          -0.000000417790
 3 54 6 0          -0.000044290757
 3 55 6 1           0.000000172360
 3 56 6 2           0.000001524580
 3 57 6 3           0.000001315288
 3 58 6 4           0.000001049053
 3 59 6 5          -0.000000806481
 3 60 6 6          -0.000000495562
 3 61 6 7          -0.000000226950
 3 62 6 8          -0.000000161947
 3 63 7 0          -0.000009213540
 3 64 7 1           0.000000834702
 3 65 7 2           0.000002413336
 3 66 7 3           0.000001751819
 3 67 7 4           0.000002023416
 3 68 7 5           0.000000591311
 3 69 7 6          -0.000000254278
 3 70 7 7          -0.000000069691
 3 71 7 8           0.000000080865
 3 72 8 0           0.000002351892
 3 73 8 1          -0.000001221914
 3 74 8 2          -0.000001003093
 3 75 8 3           0.000000236851
 3 76 8 4           0.000000740283
 3 77 8 5           0.000000799264
 3 78 8 6           0.000000403090
 3 79 8 7           0.000000448279
 3 80 8 8           0.000000195813
 3 81 1 1           0.000832879274
 3 82 1 2           0.000516263049
 3 83 1 3           0.000060626888
 3 84 1 4           0.000017600601
 3 85 1 5          -0.000002776851
 3 86 1 6          -0.000002576405
 3 87 1 7          -0.000000691256
 3 88 1 8           0.000000071137
 3 89 2 1           0.000462260658
 3 90 2 2           0.000447125039
 3 91 2 3           0.000101080010
 3 92 2 4           0.000044766587
 3 93 2 5           0.000007544422
 3 94 2 6           0.000000663474
 3 95 2 7          -0.000000304204
 3 96 2 8          -0.000000161363
 3 97 3 1           0.000204498589
 3 98 3 2          -0.000019832049
 3 99 3 3          -0.000000350302
 3 100 3 4          -0.000004858249
 3 101 3 5          -0.000001261547
 3 102 3 6          -0.000000733540
 3 103 3 7          -0.000000153450
 3 104 3 8           0.000000062579
 3 105 4 1          -0.000010482036
 3 106 4 2           0.000007114149
 3 107 4 3          -0.000002239024
 3 108 4 4           0.000012830584
 3 109 4 5           0.000005784234
 3 110 4 6           0.000002568618
 3 111 4 7           0.000001060760
 3 112 4 8           0.000000216405
 3 113 5 1          -0.000017630967
 3 114 5 2          -0.000027477295
 3 115 5 3           0.000000360842
 3 116 5 4           0.000005305984
 3 117 5 5           0.000003712230
 3 118 5 6           0.000002260547
 3 119 5 7           0.000001444555
 3 120 5 8           0.000000479645
 3 121 6 1           0.000010863697
 3 122 6 2          -0.000007262413
 3 123 6 3          -0.000000354474
 3 124 6 4           0.000000052592
 3 125 6 5           0.000000629416
 3 126 6 6           0.000000405187
 3 127 6 7           0.000000226340
 3 128 6 8           0.000000098764
 3 129 7 1           0.000001389018
 3 130 7 2          -0.000002255856
 3 131 7 3          -0.000002496054
 3 132 7 4          -0.000001316322
 3 133 7 5          -0.000000671943
 3 134 7 6           0.000000225233
 3 135 7 7          -0.000000055638
 3 136 7 8          -0.000000021723
 3 137 8 1           0.000000320671
 3 138 8 2           0.000001723144
 3 139 8 3           0.000000010282
 3 140 8 4          -0.000000644391
 3 141 8 5          -0.000001022994
 3 142 8 6          -0.000000393629
 3 143 8 7          -0.000000410693
 3 144 8 8          -0.000000196924
 4 0 0 1          -0.000017949199
 4 1 0 2          -0.000022154645
 4 2 0 3          -0.000008373643
 4 3 0 4          -0.000003981694
 4 4 0 5          -0.000001296770
 4 5 0 6           0.000000106878
 4 6 0 7          -0.000000103882
 4 7 0 8           0.000000097624
 4 8 1 1           0.000769848534
 4 9 1 2           0.000539938941
 4 10 1 3           0.000000269029
 4 11 1 4           0.000037607539
 4 12 1 5           0.000000398709
 4 13 1 6          -0.000003738936
 4 14 1 7          -0.000000263821
 4 15 1 8           0.000000065072
 4 16 2 1          -0.000278207353
 4 17 2 2          -0.000500634659
 4 18 2 3          -0.000067671612
 4 19 2 4          -0.000031244166
 4 20 2 5          -0.000003421542
 4 21 2 6           0.000001078336
 4 22 2 7           0.000000375023
 4 23 2 8           0.000000019505
 4 24 3 1           0.000180153138
 4 25 3 2           0.000016261753
 4 26 3 3           0.000017303973
 4 27 3 4           0.000004898731
 4 28 3 5           0.000003324890
 4 29 3 6          -0.000000143512
 4 30 3 7           0.000000148980
 4 31 3 8          -0.000000099889
 4 32 4 1          -0.000046839842
 4 33 4 2          -0.000072171724
 4 34 4 3          -0.000013420367
 4 35 4 4           0.000004658382
 4 36 4 5           0.000002482924
 4 37 4 6           0.000002059412
 4 38 4 7           0.000000942919
 4 39 4 8           0.000000325566
 4 40 5 1           0.000009856538
 4 41 5 2           0.000019218108
 4 42 5 3           0.000002504156
 4 43 5 4           0.000000158621
 4 44 5 5           0.000000426389
 4 45 5 6          -0.000000288685
 4 46 5 7          -0.000000369984
 4 47 5 8          -0.000000066152
 4 48 6 1          -0.000005424864
 4 49 6 2           0.000010700915
 4 50 6 3           0.000002857372
 4 51 6 4           0.000002081434
 4 52 6 5           0.000001698808
 4 53 6 6           0.000000465877
 4 54 6 7           0.000000336355
 4 55 6 8           0.000000221656
 4 56 7 1          -0.000000861845
 4 57 7 2           0.000000837746
 4 58 7 3           0.000000513958
 4 59 7 4          -0.000000613200
 4 60 7 5          -0.000000402076
 4 61 7 6           0.000000224816
 4 62 7 7          -0.000000128047
 4 63 7 8          -0.000000144386
 4 64 8 1           0.000000469845
 4 65 8 2          -0.000000791517
 4 66 8 3           0.000000591339
 4 67 8 4           0.000000293160
 4 68 8 5           0.000000125255
 4 69 8 6          -0.000000119468
 4 70 8 7           0.000000125817
 4 71 8 8           0.000000181968
 4 72 1 0           0.000239892177
 4 73 1 1           0.001133108562
 4 74 1 2           0.000842164837
 4 75 1 3           0.000034931314
 4 76 1 4           0.000021818251
 4 77 1 5          -0.000003370364
 4 78 1 6          -0.000001649108
 4 79 1 7           0.000000058352
 4 80 1 8          -0.000000222239
 4 81 2 0          -0.000268001811
 4 82 2 1          -0.000287006075
 4 83 2 2          -0.000257292221
 4 84 2 3          -0.000060980645
 4 85 2 4          -0.000026954903
 4 86 2 5          -0.000004544232
 4 87 2 6           0.000000340786
 4 88 2 7           0.000000209126
 4 89 2 8           0.000000139788
 4 90 3 0           0.000663362796
 4 91 3 1           0.000128802469
 4 92 3 2           0.000046568901
 4 93 3 3           0.000018675425
 4 94 3 4           0.000002497521
 4 95 3 5           0.000002878563
 4 96 3 6          -0.000000035807
 4 97 3 7           0.000000162247
 4 98 3 8          -0.000000023641
 4 99 4 0           0.000066221577
 4 100 4 1          -0.000062793315
 4 101 4 2          -0.000071549122
 4 102 4 3          -0.000004345296
 4 103 4 4           0.000003463542
 4 104 4 5           0.000001299222
 4 105 4 6           0.000002369592
 4 106 4 7           0.000000868191
 4 107 4 8           0.000000311409
 4 108 5 0          -0.000012075656
 4 109 5 1           0.000012037557
 4 110 5 2           0.000016479316
 4 111 5 3           0.000002703970
 4 112 5 4           0.000000059849
 4 113 5 5           0.000000825529
 4 114 5 6          -0.000000142811
 4 115 5 7          -0.000000349053
 4 116 5 8          -0.000000183443
 4 117 6 0          -0.000026144127
 4 118 6 1          -0.000001987540
 4 119 6 2           0.000005817561
 4 120 6 3           0.000002482355
 4 121 6 4           0.000003453438
 4 122 6 5           0.000001657610
 4 123 6 6           0.000000453473
 4 124 6 7           0.000000365948
 4 125 6 8           0.000000193680
 4 126 7 0          -0.000001555402
 4 127 7 1          -0.000001005783
 4 128 7 2          -0.000000019756
 4 129 7 3           0.000001430752
 4 130 7 4          -0.000001044749
 4 131 7 5          -0.000000403102
 4 132 7 6           0.000000253803
 4 133 7 7          -0.000000143788
 4 134 7 8          -0.000000201733
 4 135 8 0           0.000002275355
 4 136 8 1          -0.000000744438
 4 137 8 2          -0.000000137123
 4 138 8 3           0.000000607664
 4 139 8 4           0.000000289174
 4 140 8 5          -0.000000008500
 4 141 8 6          -0.000000106588
 4 142 8 7           0.000000086422
 4 143 8 8           0.000000191756
 5 0 0 0           1.543013440959
 5 1 0 1          -0.001036861649
 5 2 0 2           0.001125249966
 5 3 0 3          -0.000325479954
 5 4 0 4          -0.000007092241
 5 5 0 5           0.000006083736
 5 6 0 6          -0.000006622427
 5 7 0 7          -0.000001563664
 5 8 0 8           0.000000253108
 5 9 1 0           0.001164513843
 5 10 1 1          -0.000041518504
 5 11 1 2           0.000175226662
 5 12 1 3          -0.000018538686
 5 13 1 4           0.000005391213
 5 14 1 5           0.000001421311
 5 15 1 6          -0.000000254837
 5 16 1 7          -0.000000263866
 5 17 1 8          -0.000000017125
 5 18 2 0          -0.000676973499
 5 19 2 1          -0.000090238851
 5 20 2 2           0.000064423392
 5 21 2 3          -0.000022565313
 5 22 2 4          -0.000006072440
 5 23 2 5           0.000000727174
 5 24 2 6           0.000001200591
 5 25 2 7           0.000000149491
 5 26 2 8           0.000000067450
 5 27 3 0          -0.000967104898
 5 28 3 1           0.000056330374
 5 29 3 2          -0.000034196477
 5 30 3 3           0.000001365615
 5 31 3 4           0.000008315848
 5 32 3 5           0.000003645764
 5 33 3 6           0.000000097652
 5 34 3 7           0.000001219055
 5 35 3 8           0.000000077265
 5 36 4 0          -0.000102803844
 5 37 4 1           0.000009300128
 5 38 4 2          -0.000005790102
 5 39 4 3           0.000000906271
 5 40 4 4           0.000002607106
 5 41 4 5           0.000001099191
 5 42 4 6           0.000000652032
 5 43 4 7           0.000000429101
 5 44 4 8           0.000000099097
 5 45 5 0          -0.000032619360
 5 46 5 1           0.000004232175
 5 47 5 2           0.000002210644
 5 48 5 3           0.000004245984
 5 49 5 4           0.000001729107
 5 50 5 5           0.000001343099
 5 51 5 6           0.000000277703
 5 52 5 7           0.000000306662
 5 53 5 8           0.000000039043
 5 54 6 0          -0.000070877831
 5 55 6 1          -0.000000809675
 5 56 6 2           0.000008119563
 5 57 6 3           0.000000596055
 5 58 6 4           0.000001217026
 5 59 6 5           0.000000217486
 5 60 6 6           0.000000694132
 5 61 6 7           0.000000139949
 5 62 6 8          -0.000000024648
 5 63 7 0          -0.000012908074
 5 64 7 1          -0.000001221245
 5 65 7 2          -0.000003325062
 5 66 7 3          -0.000000020170
 5 67 7 4           0.000000239165
 5 68 7 5           0.000000290187
 5 69 7 6           0.000000278166
 5 70 7 7           0.000000030124
 5 71 7 8          -0.000000018174
 5 72 8 0           0.000001592090
 5 73 8 1          -0.000001097683
 5 74 8 2          -0.000001257810
 5 75 8 3          -0.000000707592
 5 76 8 4          -0.000000402121
 5 77 8 5          -0.000000020587
 5 78 8 6           0.000000095962
 5 79 8 7           0.000000038339
 5 80 8 8          -0.000000004133
 5 81 1 1           0.000093085581
 5 82 1 2           0.000139351335
 5 83 1 3           0.000008066633
 5 84 1 4          -0.000005510646
 5 85 1 5          -0.000001244174
 5 86 1 6          -0.000000614529
 5 87 1 7          -0.000000198586
 5 88 1 8           0.000000068399
 5 89 2 1           0.000058852055
 5 90 2 2           0.000210335232
 5 91 2 3           0.000026305757
 5 92 2 4           0.000007024979
 5 93 2 5          -0.000000799867
 5 94 2 6          -0.000000284762
 5 95 2 7          -0.000000054791
 5 96 2 8          -0.000000016258
 5 97 3 1           0.000044076824
 5 98 3 2           0.000032929153
 5 99 3 3          -0.000070731456
 5 100 3 4          -0.000001194067
 5 101 3 5          -0.000001697463
 5 102 3 6          -0.000001196060
 5 103 3 7          -0.000001010028
 5 104 3 8          -0.000000012721
 5 105 4 1           0.000004139155
 5 106 4 2          -0.000008840085
 5 107 4 3          -0.000005400157
 5 108 4 4          -0.000000678936
 5 109 4 5          -0.000001031468
 5 110 4 6          -0.000000371300
 5 111 4 7          -0.000000247775
 5 112 4 8          -0.000000087978
 5 113 5 1          -0.000009742696
 5 114 5 2          -0.000009222081
 5 115 5 3          -0.000001439812
 5 116 5 4          -0.000002286392
 5 117 5 5          -0.000001460132
 5 118 5 6          -0.000000168328
 5 119 5 7          -0.000000191105
 5 120 5 8          -0.000000102568
 5 121 6 1           0.000020041963
 5 122 6 2          -0.000006892056
 5 123 6 3          -0.000000699980
 5 124 6 4          -0.000000791848
 5 125 6 5          -0.000000134284
 5 126 6 6          -0.000000748428
 5 127 6 7          -0.000000265050
 5 128 6 8          -0.000000082494
 5 129 7 1           0.000006957226
 5 130 7 2           0.000003986430
 5 131 7 3          -0.000000286143
 5 132 7 4          -0.000000056435
 5 133 7 5          -0.000000190728
 5 134 7 6          -0.000000337470
 5 135 7 7          -0.000000148492
 5 136 7 8          -0.000000010627
 5 137 8 1           0.000000836685
 5 138 8 2           0.000001635287
 5 139 8 3           0.000000711613
 5 140 8 4           0.000000187985
 5 141 8 5          -0.000000021028
 5 142 8 6          -0.000000023067
 5 143 8 7          -0.000000024459
 5 144 8 8           0.000000017632
 6 0 0 1           0.002177826703
 6 1 0 2           0.002351801713
 6 2 0 3           0.000236777400
 6 3 0 4          -0.000006861424
 6 4 0 5           0.000020764766
 6 5 0 6           0.000001336886
 6 6 0 7           0.000000878955
 6 7 0 8           0.000000570213
 6 8 1 1           0.000105729529
 6 9 1 2           0.000239018045
 6 10 1 3           0.000003271210
 6 11 1 4           0.000008202011
 6 12 1 5           0.000005429641
 6 13 1 6          -0.000000784478
 6 14 1 7           0.000000121801
 6 15 1 8          -0.000000090005
 6 16 2 1           0.000140920798
 6 17 2 2          -0.000077447969
 6 18 2 3          -0.000038144753
 6 19 2 4           0.000005082911
 6 20 2 5           0.000000311623
 6 21 2 6          -0.000000821984
 6 22 2 7           0.000000328097
 6 23 2 8           0.000000034625
 6 24 3 1          -0.000070849913
 6 25 3 2          -0.000004092280
 6 26 3 3          -0.000023040017
 6 27 3 4          -0.000001312463
 6 28 3 5           0.000002667160
 6 29 3 6          -0.000000116993
 6 30 3 7           0.000000586790
 6 31 3 8           0.000000138561
 6 32 4 1          -0.000030193450
 6 33 4 2          -0.000012735644
 6 34 4 3           0.000002246113
 6 35 4 4           0.000001403167
 6 36 4 5           0.000001105744
 6 37 4 6           0.000000582102
 6 38 4 7           0.000000345936
 6 39 4 8           0.000000158458
 6 40 5 1          -0.000007784635
 6 41 5 2          -0.000015961015
 6 42 5 3           0.000002704201
 6 43 5 4           0.000001158200
 6 44 5 5           0.000001478148
 6 45 5 6           0.000000550721
 6 46 5 7           0.000000258183
 6 47 5 8           0.000000030106
 6 48 6 1           0.000003720759
 6 49 6 2          -0.000008417303
 6 50 6 3           0.000002307905
 6 51 6 4           0.000003386351
 6 52 6 5           0.000001813008
 6 53 6 6           0.000000658507
 6 54 6 7           0.000000620694
 6 55 6 8           0.000000165790
 6 56 7 1          -0.000001558564
 6 57 7 2          -0.000001473419
 6 58 7 3           0.000000391404
 6 59 7 4           0.000000067671
 6 60 7 5          -0.000000109958
 6 61 7 6           0.000000146147
 6 62 7 7           0.000000159739
 6 63 7 8           0.000000051048
 6 64 8 1          -0.000000256112
 6 65 8 2           0.000001587943
 6 66 8 3           0.000000325240
 6 67 8 4          -0.000000242622
 6 68 8 5          -0.000000152640
 6 69 8 6           0.000000018260
 6 70 8 7           0.000000079203
 6 71 8 8           0.000000093778
 6 72 1 0           0.000601506093
 6 73 1 1          -0.000047871350
 6 74 1 2           0.000046129326
 6 75 1 3          -0.000020264052
 6 76 1 4          -0.000001756737
 6 77 1 5           0.000001063398
 6 78 1 6           0.000000375214
 6 79 1 7           0.000000233613
 6 80 1 8          -0.000000077963
 6 81 2 0           0.000581539416
 6 82 2 1           0.000083587710
 6 83 2 2          -0.000000518598
 6 84 2 3           0.000020073511
 6 85 2 4          -0.000000240482
 6 86 2 5           0.000002473745
 6 87 2 6           0.000001081074
 6 88 2 7           0.000000075178
 6 89 2 8           0.000000043000
 6 90 3 0          -0.000639947050
 6 91 3 1          -0.000020282486
 6 92 3 2           0.000011607778
 6 93 3 3           0.000031543168
 6 94 3 4           0.000005911013
 6 95 3 5           0.000005099512
 6 96 3 6           0.000001211817
 6 97 3 7           0.000000215977
 6 98 3 8           0.000000139317
 6 99 4 0          -0.000102432848
 6 100 4 1          -0.000009890646
 6 101 4 2          -0.000003299052
 6 102 4 3           0.000008641117
 6 103 4 4           0.000003478497
 6 104 4 5           0.000001488442
 6 105 4 6           0.000000236765
 6 106 4 7           0.000000278056
 6 107 4 8           0.000000086375
 6 108 5 0           0.000005539440
 6 109 5 1          -0.000000419279
 6 110 5 2          -0.000013995554
 6 111 5 3           0.000003288434
 6 112 5 4           0.000000685796
 6 113 5 5           0.000000797613
 6 114 5 6           0.000000369056
 6 115 5 7           0.000000188517
 6 116 5 8           0.000000077815
 6 117 6 0           0.000019604592
 6 118 6 1           0.000003526513
 6 119 6 2          -0.000000511934
 6 120 6 3           0.000003824465
 6 121 6 4           0.000001146052
 6 122 6 5           0.000001531939
 6 123 6 6           0.000000830464
 6 124 6 7           0.000000511768
 6 125 6 8           0.000000279180
 6 126 7 0          -0.000004451052
 6 127 7 1           0.000001703820
 6 128 7 2          -0.000002008964
 6 129 7 3          -0.000000941080
 6 130 7 4          -0.000000490117
 6 131 7 5           0.000000123253
 6 132 7 6           0.000000244364
 6 133 7 7           0.000000120251
 6 134 7 8           0.000000102952
 6 135 8 0          -0.000002041962
 6 136 8 1           0.000000064470
 6 137 8 2          -0.000000294104
 6 138 8 3          -0.000000474795
 6 139 8 4          -0.000000086493
 6 140 8 5           0.000000009311
 6 141 8 6          -0.000000062151
 6 142 8 7           0.000000089748
 6 143 8 8           0.000000063854
 7 0 0 0           0.961547734368
 7 1 0 1           0.001058392106
 7 2 0 2           0.000382609251
 7 3 0 3          -0.001094158303
 7 4 0 4           0.000036240619
 7 5 0 5          -0.000001448126
 7 6 0 6          -0.000010788373
 7 7 0 7           0.000001070493
 7 8 0 8           0.000000565372
 7 9 1 0           0.000130267355
 7 10 1 1           0.000426682090
 7 11 1 2           0.000400400511
 7 12 1 3           0.000103194987
 7 13 1 4           0.000044240300
 7 14 1 5          -0.000004002498
 7 15 1 6          -0.000002583234
 7 16 1 7          -0.000000573612
 7 17 1 8          -0.000000049746
 7 18 2 0           0.000064395475
 7 19 2 1           0.000353956538
 7 20 2 2           0.000287822028
 7 21 2 3           0.000162622807
 7 22 2 4           0.000068520985
 7 23 2 5           0.000018548866
 7 24 2 6           0.000003434370
 7 25 2 7          -0.000000865596
 7 26 2 8          -0.000000717410
 7 27 3 0          -0.000073957942
 7 28 3 1          -0.000276216662
 7 29 3 2           0.000073276552
 7 30 3 3           0.000047655629
 7 31 3 4           0.000114355948
 7 32 3 5           0.000041004771
 7 33 3 6           0.000014787906
 7 34 3 7           0.000004747340
 7 35 3 8          -0.000000018989
 7 36 4 0          -0.000025092688
 7 37 4 1          -0.000006436480
 7 38 4 2           0.000038814446
 7 39 4 3           0.000064058106
 7 40 4 4           0.000055171727
 7 41 4 5           0.000030896075
 7 42 4 6           0.000014666993
 7 43 4 7           0.000005704070
 7 44 4 8           0.000001079855
 7 45 5 0          -0.000001779186
 7 46 5 1          -0.000009331397
 7 47 5 2           0.000001474653
 7 48 5 3           0.000008226846
 7 49 5 4           0.000017730467
 7 50 5 5           0.000016750280
 7 51 5 6           0.000011061206
 7 52 5 7           0.000006035037
 7 53 5 8           0.000002189713
 7 54 6 0           0.000009266135
 7 55 6 1           0.000012413588
 7 56 6 2          -0.000005737192
 7 57 6 3          -0.000002580366
 7 58 6 4           0.000001264000
 7 59 6 5           0.000001625814
 7 60 6 6           0.000005038535
 7 61 6 7           0.000003464840
 7 62 6 8           0.000001822046
 7 63 7 0           0.000000127862
 7 64 7 1           0.000003691531
 7 65 7 2           0.000001429947
 7 66 7 3           0.000000773730
 7 67 7 4          -0.000000297087
 7 68 7 5           0.000000683276
 7 69 7 6           0.000001454592
 7 70 7 7           0.000001472694
 7 71 7 8           0.000001447278
 7 72 8 0          -0.000000692166
 7 73 8 1           0.000000435721
 7 74 8 2           0.000001803415
 7 75 8 3           0.000001054645
 7 76 8 4          -0.000000390773
 7 77 8 5          -0.000000641243
 7 78 8 6          -0.000000192490
 7 79 8 7           0.000000156764
 7 80 8 8           0.000000629154
 7 81 1 1          -0.000162101989
 7 82 1 2          -0.000348691755
 7 83 1 3          -0.000134426458
 7 84 1 4          -0.000036220304
 7 85 1 5           0.000002316742
 7 86 1 6           0.000001917831
 7 87 1 7           0.000001176444
 7 88 1 8           0.000000412213
 7 89 2 1           0.000221615061
 7 90 2 2          -0.000222849319
 7 91 2 3          -0.000148395163
 7 92 2 4          -0.000064919833
 7 93 2 5          -0.000017869494
 7 94 2 6          -0.000001787746
 7 95 2 7           0.000000829497
 7 96 2 8           0.000000858358
 7 97 3 1           0.000438370114
 7 98 3 2          -0.000127291066
 7 99 3 3          -0.000087664034
 7 100 3 4          -0.000085651138
 7 101 3 5          -0.000038212816
 7 102 3 6          -0.000015953279
 7 103 3 7          -0.000004572998
 7 104 3 8          -0.000000139233
 7 105 4 1           0.000028679768
 7 106 4 2          -0.000034009614
 7 107 4 3          -0.000052905893
 7 108 4 4          -0.000053035727
 7 109 4 5          -0.000030852999
 7 110 4 6          -0.000015130844
 7 111 4 7          -0.000005736529
 7 112 4 8          -0.000001217417
 7 113 5 1           0.000006490542
 7 114 5 2           0.000005130411
 7 115 5 3          -0.000005012458
 7 116 5 4          -0.000019487536
 7 117 5 5          -0.000016989863
 7 118 5 6          -0.000011289210
 7 119 5 7          -0.000006055604
 7 120 5 8          -0.000002184092
 7 121 6 1           0.000008518411
 7 122 6 2           0.000000530137
 7 123 6 3          -0.000000864309
 7 124 6 4          -0.000001428971
 7 125 6 5          -0.000002378603
 7 126 6 6          -0.000005127512
 7 127 6 7          -0.000003337502
 7 128 6 8          -0.000001711309
 7 129 7 1          -0.000006646723
 7 130 7 2          -0.000002755118
 7 131 7 3          -0.000002727341
 7 132 7 4           0.000000577219
 7 133 7 5          -0.000000655214
 7 134 7 6          -0.000001404200
 7 135 7 7          -0.000001426313
 7 136 7 8          -0.000001382342
 7 137 8 1          -0.000002518071
 7 138 8 2          -0.000002139377
 7 139 8 3          -0.000000954963
 7 140 8 4           0.000000506081
 7 141 8 5           0.000000766434
 7 142 8 6           0.000000242219
 7 143 8 7          -0.000000108534
 7 144 8 8          -0.000000612757
 8 0 0 0         111.197603223002
 8 1 0 1           2.673283241447
 8 2 0 2          -0.792148400801
 8 3 0 3           0.132594846489
 8 4 0 4           0.069581266917
 8 5 0 5           0.003670466925
 8 6 0 6          -0.000936514567
 8 7 0 7          -0.000039571219
 8 8 0 8          -0.000309229723
 8 9 1 0           0.831664339724
 8 10 1 1          -0.544652445983
 8 11 1 2          -0.098175929302
 8 12 1 3          -0.012294830932
 8 13 1 4          -0.000426183397
 8 14 1 5           0.002131685830
 8 15 1 6           0.001098902525
 8 16 1 7           0.000144179471
 8 17 1 8          -0.000354547385
 8 18 2 0          -0.747066614844
 8 19 2 1          -0.300412755860
 8 20 2 2          -0.054878574162
 8 21 2 3          -0.072782603811
 8 22 2 4          -0.012907633285
 8 23 2 5          -0.002566757023
 8 24 2 6           0.001014113722
 8 25 2 7           0.000771374804
 8 26 2 8           0.000159438191
 8 27 3 0           0.633607160781
 8 28 3 1           0.055651566080
 8 29 3 2          -0.170640921084
 8 30 3 3           0.028724363527
 8 31 3 4          -0.022284773673
 8 32 3 5          -0.005659505050
 8 33 3 6          -0.002295822072
 8 34 3 7           0.000677794447
 8 35 3 8           0.000187725317
 8 36 4 0           0.113728662884
 8 37 4 1           0.027188846475
 8 38 4 2          -0.002692374279
 8 39 4 3          -0.018165597344
 8 40 4 4          -0.011178129449
 8 41 4 5          -0.003496132072
 8 42 4 6          -0.001319397173
 8 43 4 7           0.000068603714
 8 44 4 8           0.000106386006
 8 45 5 0           0.020105651764
 8 46 5 1           0.018890440620
 8 47 5 2           0.009653022229
 8 48 5 3           0.005899320228
 8 49 5 4           0.001651877224
 8 50 5 5          -0.001119551108
 8 51 5 6          -0.000792587148
 8 52 5 7          -0.000114569578
 8 53 5 8          -0.000216684851
 8 54 6 0          -0.054331718775
 8 55 6 1          -0.006022968631
 8 56 6 2           0.019906497453
 8 57 6 3           0.007329339757
 8 58 6 4           0.006561952389
 8 59 6 5           0.003869501881
 8 60 6 6           0.000659722988
 8 61 6 7           0.000313638022
 8 62 6 8          -0.000013828795
 8 63 7 0          -0.012890521351
 8 64 7 1          -0.005325823753
 8 65 7 2          -0.002707506261
 8 66 7 3          -0.000351405085
 8 67 7 4           0.000476750539
 8 68 7 5           0.000384724695
 8 69 7 6           0.000404232714
 8 70 7 7           0.000112833520
 8 71 7 8          -0.000373697913
 8 72 8 0          -0.000960635630
 8 73 8 1          -0.001431667371
 8 74 8 2          -0.001939609880
 8 75 8 3          -0.001842240646
 8 76 8 4          -0.000695307629
 8 77 8 5           0.000085244675
 8 78 8 6           0.000428533886
 8 79 8 7           0.000064525605
 8 80 8 8          -0.000187485155
 8 81 1 1           0.325651213758
 8 82 1 2           0.250221479569
 8 83 1 3           0.033862882455
 8 84 1 4           0.002287344713
 8 85 1 5          -0.003514152662
 8 86 1 6          -0.002897466878
 8 87 1 7          -0.000511353334
 8 88 1 8           0.000346966302
 8 89 2 1           0.396804660387
 8 90 2 2           0.154039066004
 8 91 2 3           0.077762570777
 8 92 2 4           0.010347720518
 8 93 2 5           0.000899741429
 8 94 2 6          -0.001722271696
 8 95 2 7          -0.001006664700
 8 96 2 8           0.000214909886
 8 97 3 1          -0.041345701509
 8 98 3 2           0.237723515820
 8 99 3 3          -0.081011092012
 8 100 3 4           0.018584629121
 8 101 3 5           0.002300008456
 8 102 3 6           0.002206032613
 8 103 3 7           0.000150020065
 8 104 3 8           0.000076548476
 8 105 4 1          -0.034487756068
 8 106 4 2          -0.022940304958
 8 107 4 3           0.013099763700
 8 108 4 4           0.008542205177
 8 109 4 5           0.004096464454
 8 110 4 6           0.001929178430
 8 111 4 7           0.000048433670
 8 112 4 8          -0.000090248191
 8 113 5 1          -0.034743455910
 8 114 5 2          -0.019074436403
 8 115 5 3          -0.008041526626
 8 116 5 4          -0.000840052063
 8 117 5 5           0.002084376388
 8 118 5 6           0.000945836685
 8 119 5 7           0.000065185689
 8 120 5 8           0.000139065266
 8 121 6 1           0.008329387208
 8 122 6 2          -0.029249632343
 8 123 6 3          -0.001790417829
 8 124 6 4          -0.004654847844
 8 125 6 5          -0.003598571427
 8 126 6 6          -0.000653008689
 8 127 6 7          -0.000479661431
 8 128 6 8           0.000009827305
 8 129 7 1           0.009138818188
 8 130 7 2           0.005224606328
 8 131 7 3           0.002145024224
 8 132 7 4           0.000092027507
 8 133 7 5          -0.000743263566
 8 134 7 6          -0.000497989248
 8 135 7 7          -0.000199718898
 8 136 7 8           0.000417005102
 8 137 8 1           0.004979371209
 8 138 8 2           0.004142827903
 8 139 8 3           0.001935947014
 8 140 8 4           0.000191751630
 8 141 8 5          -0.000257779017
 8 142 8 6          -0.000340882679
 8 143 8 7          -0.000026198905
 8 144 8 8           0.000186651203
 9 0 0 0         110.074868141074
 9 1 0 1          -0.140939940303
 9 2 0 2           0.085819095310
 9 3 0 3           0.021283836331
 9 4 0 4           0.002924197362
 9 5 0 5           0.001094834797
 9 6 0 6          -0.000697181882
 9 7 0 7          -0.000411082436
 9 8 0 8          -0.000111215463
 9 9 1 0           0.568264688530
 9 10 1 1          -0.493332211729
 9 11 1 2          -0.007955585672
 9 12 1 3           0.002327230421
 9 13 1 4           0.005325531264
 9 14 1 5           0.004393974212
 9 15 1 6           0.000394989933
 9 16 1 7          -0.000602674577
 9 17 1 8          -0.000170649573
 9 18 2 0          -0.227582572546
 9 19 2 1          -0.174584255620
 9 20 2 2          -0.159890794106
 9 21 2 3          -0.024540195020
 9 22 2 4          -0.017704617950
 9 23 2 5          -0.000129257738
 9 24 2 6           0.000553940135
 9 25 2 7           0.000265275426
 9 26 2 8          -0.000100668857
 9 27 3 0           0.434467553281
 9 28 3 1          -0.028623505124
 9 29 3 2          -0.059571517153
 9 30 3 3          -0.019269339812
 9 31 3 4          -0.012031292396
 9 32 3 5          -0.001209568316
 9 33 3 6           0.000088227550
 9 34 3 7           0.000408041002
 9 35 3 8          -0.000065706454
 9 36 4 0           0.148961420173
 9 37 4 1           0.065643658110
 9 38 4 2          -0.013511933462
 9 39 4 3           0.016423948784
 9 40 4 4          -0.003640181426
 9 41 4 5          -0.000801767769
 9 42 4 6          -0.001141695523
 9 43 4 7           0.000222447780
 9 44 4 8          -0.000198875430
 9 45 5 0          -0.022738720851
 9 46 5 1           0.007742788149
 9 47 5 2           0.026349061397
 9 48 5 3           0.006374816301
 9 49 5 4           0.002988610082
 9 50 5 5           0.001906656751
 9 51 5 6          -0.000305844482
 9 52 5 7          -0.000046857159
 9 53 5 8          -0.000197810348
 9 54 6 0          -0.040651032349
 9 55 6 1          -0.004728843939
 9 56 6 2           0.007835321586
 9 57 6 3           0.006277458113
 9 58 6 4           0.004311052233
 9 59 6 5           0.001575442806
 9 60 6 6           0.000225136586
 9 61 6 7           0.000049320551
 9 62 6 8          -0.000279200740
 9 63 7 0          -0.018978103092
 9 64 7 1          -0.007029603398
 9 65 7 2           0.002259001619
 9 66 7 3           0.001622056377
 9 67 7 4           0.002722062490
 9 68 7 5           0.001865542042
 9 69 7 6           0.001198915088
 9 70 7 7           0.000314828340
 9 71 7 8          -0.000155921137
 9 72 8 0           0.002835109443
 9 73 8 1          -0.000642709515
 9 74 8 2          -0.004356755007
 9 75 8 3          -0.002318222775
 9 76 8 4          -0.000782410307
 9 77 8 5          -0.000082405746
 9 78 8 6           0.000428600912
 9 79 8 7           0.000118890520
 9 80 8 8          -0.000131648801
 9 81 1 1           0.345786010094
 9 82 1 2           0.360904350375
 9 83 1 3           0.149639697805
 9 84 1 4          -0.003881167383
 9 85 1 5          -0.006181764566
 9 86 1 6          -0.000003242643
 9 87 1 7          -0.000424704813
 9 88 1 8           0.000283915826
 9 89 2 1           0.265849454433
 9 90 2 2           0.346685111240
 9 91 2 3           0.015430880890
 9 92 2 4           0.008908492709
 9 93 2 5          -0.001900634723
 9 94 2 6          -0.000681467579
 9 95 2 7          -0.000377085124
 9 96 2 8           0.000499628909
 9 97 3 1           0.015793973752
 9 98 3 2           0.068635133202
 9 99 3 3           0.010121739743
 9 100 3 4           0.007201744633
 9 101 3 5           0.000169750406
 9 102 3 6           0.000101063410
 9 103 3 7          -0.000113450462
 9 104 3 8           0.000214309589
 9 105 4 1          -0.081576384668
 9 106 4 2           0.004155752473
 9 107 4 3          -0.031560713906
 9 108 4 4           0.001353113316
 9 109 4 5           0.000976033414
 9 110 4 6           0.001531276678
 9 111 4 7           0.000166665478
 9 112 4 8           0.000052041089
 9 113 5 1          -0.020821845475
 9 114 5 2          -0.047021321555
 9 115 5 3          -0.002507648137
 9 116 5 4          -0.002271439934
 9 117 5 5          -0.000661555936
 9 118 5 6           0.000426629081
 9 119 5 7          -0.000049192524
 9 120 5 8           0.000055141976
 9 121 6 1           0.004569122154
 9 122 6 2          -0.011872491449
 9 123 6 3          -0.004017078073
 9 124 6 4          -0.002479030237
 9 125 6 5          -0.001673530361
 9 126 6 6          -0.000416887739
 9 127 6 7          -0.000091573119
 9 128 6 8           0.000341857987
 9 129 7 1           0.012573149614
 9 130 7 2          -0.000365729335
 9 131 7 3           0.000466542008
 9 132 7 4          -0.002669923442
 9 133 7 5          -0.002263264704
 9 134 7 6          -0.001193449561
 9 135 7 7          -0.000410691262
 9 136 7 8           0.000223392938
 9 137 8 1           0.003340981108
 9 138 8 2           0.007670836881
 9 139 8 3           0.001517525120
 9 140 8 4           0.000379922831
 9 141 8 5          -0.000043051050
 9 142 8 6          -0.000407541398
 9 143 8 7          -0.000045606446
 9 144 8 8           0.000162214343
 10 0 0 0         156.817380758961
 10 1 0 1           0.465443436180
 10 2 0 2           0.013620908934
 10 3 0 3           0.001974804744
 10 4 0 4           0.002247998558
 10 5 0 5          -0.000701378287
 10 6 0 6          -0.000153347768
 10 7 0 7           0.000052372575
 10 8 0 8          -0.000038234420
 10 9 1 0          -0.068447924256
 10 10 1 1           0.172644153804
 10 11 1 2          -0.017758203277
 10 12 1 3           0.002006645222
 10 13 1 4          -0.001751185716
 10 14 1 5          -0.002092434713
 10 15 1 6          -0.000163674191
 10 16 1 7           0.000384366186
 10 17 1 8           0.000024437799
 10 18 2 0           0.161728795728
 10 19 2 1          -0.000503334876
 10 20 2 2           0.034792783638
 10 21 2 3           0.000050457033
 10 22 2 4           0.007245928403
 10 23 2 5          -0.000045546562
 10 24 2 6           0.000148411314
 10 25 2 7          -0.000076400274
 10 26 2 8           0.000070952796
 10 27 3 0           0.209546546432
 10 28 3 1           0.098793182539
 10 29 3 2           0.117544636342
 10 30 3 3           0.039773563044
 10 31 3 4           0.014704807052
 10 32 3 5           0.003549516514
 10 33 3 6          -0.000335044432
 10 34 3 7          -0.000110862634
 10 35 3 8          -0.000051692996
 10 36 4 0          -0.080330236878
 10 37 4 1          -0.046380156275
 10 38 4 2           0.006620485334
 10 39 4 3          -0.014848506995
 10 40 4 4           0.001041196389
 10 41 4 5           0.000860512732
 10 42 4 6           0.001198806567
 10 43 4 7           0.000036692721
 10 44 4 8           0.000165439418
 10 45 5 0           0.005914027487
 10 46 5 1          -0.005813230144
 10 47 5 2          -0.016277162440
 10 48 5 3          -0.002905365959
 10 49 5 4          -0.000887460614
 10 50 5 5          -0.000790441366
 10 51 5 6           0.000358810012
 10 52 5 7           0.000130372723
 10 53 5 8           0.000111427898
 10 54 6 0           0.026102253746
 10 55 6 1           0.002583022586
 10 56 6 2           0.000254788102
 10 57 6 3          -0.000823717550
 10 58 6 4           0.000074408940
 10 59 6 5           0.000636960886
 10 60 6 6           0.000393094122
 10 61 6 7           0.000257845816
 10 62 6 8           0.000216364480
 10 63 7 0           0.012213459761
 10 64 7 1           0.002524122741
 10 65 7 2          -0.003213491798
 10 66 7 3          -0.001740312730
 10 67 7 4          -0.002102865966
 10 68 7 5          -0.001271525134
 10 69 7 6          -0.000647468820
 10 70 7 7          -0.000080047644
 10 71 7 8           0.000107059730
 10 72 8 0          -0.001898074498
 10 73 8 1           0.000049126738
 10 74 8 2           0.002147621481
 10 75 8 3           0.000942596774
 10 76 8 4           0.000213115281
 10 77 8 5          -0.000078328128
 10 78 8 6          -0.000246138008
 10 79 8 7          -0.000086226228
 10 80 8 8           0.000075144182
 10 81 1 1          -0.160137887526
 10 82 1 2          -0.184306204519
 10 83 1 3          -0.104414782645
 10 84 1 4           0.000794878376
 10 85 1 5           0.002718630722
 10 86 1 6          -0.000415701324
 10 87 1 7           0.000314296748
 10 88 1 8          -0.000031114222
 10 89 2 1          -0.058205795769
 10 90 2 2          -0.141845742258
 10 91 2 3           0.003434785000
 10 92 2 4          -0.002735625476
 10 93 2 5           0.000935354395
 10 94 2 6          -0.000157347448
 10 95 2 7           0.000196425427
 10 96 2 8          -0.000226332470
 10 97 3 1          -0.154738560518
 10 98 3 2          -0.110428026891
 10 99 3 3          -0.035349252425
 10 100 3 4          -0.013302119202
 10 101 3 5          -0.003601858776
 10 102 3 6          -0.000141196002
 10 103 3 7           0.000266594679
 10 104 3 8           0.000011001510
 10 105 4 1           0.049905086554
 10 106 4 2          -0.006085701062
 10 107 4 3           0.025193756709
 10 108 4 4          -0.000760748612
 10 109 4 5          -0.000642990309
 10 110 4 6          -0.001254102582
 10 111 4 7          -0.000329402955
 10 112 4 8          -0.000094861832
 10 113 5 1           0.012702084090
 10 114 5 2           0.027589285861
 10 115 5 3           0.000316213764
 10 116 5 4           0.000988984935
 10 117 5 5           0.000211635249
 10 118 5 6          -0.000495358654
 10 119 5 7          -0.000052341716
 10 120 5 8          -0.000047772985
 10 121 6 1          -0.004594767772
 10 122 6 2           0.000454289346
 10 123 6 3           0.000337257570
 10 124 6 4          -0.000835948557
 10 125 6 5          -0.000612068562
 10 126 6 6          -0.000256646409
 10 127 6 7          -0.000286812669
 10 128 6 8          -0.000228642729
 10 129 7 1          -0.005912751101
 10 130 7 2           0.002409274265
 10 131 7 3           0.001068563887
 10 132 7 4           0.002023342931
 10 133 7 5           0.001397143404
 10 134 7 6           0.000621135015
 10 135 7 7           0.000177974226
 10 136 7 8          -0.000115655049
 10 137 8 1          -0.000810868089
 10 138 8 2          -0.003868423344
 10 139 8 3          -0.000554976601
 10 140 8 4           0.000008562159
 10 141 8 5           0.000098627780
 10 142 8 6           0.000279362466
 10 143 8 7           0.000050970717
 10 144 8 8          -0.000072726272
 11 0 0 1           0.064939289700
 11 1 0 2           0.030048187412
 11 2 0 3           0.003777285437
 11 3 0 4           0.000169371277
 11 4 0 5          -0.001260655662
 11 5 0 6          -0.000848185517
 11 6 0 7           0.000036450988
 11 7 0 8           0.000007970020
 11 8 1 1           0.276011161638
 11 9 1 2           0.033108176326
 11 10 1 3          -0.138757782709
 11 11 1 4           0.002764221154
 11 12 1 5           0.002754192103
 11 13 1 6          -0.002254379878
 11 14 1 7          -0.000013005798
 11 15 1 8           0.000217155686
 11 16 2 1          -0.051988937237
 11 17 2 2          -0.076563474563
 11 18 2 3          -0.004079974454
 11 19 2 4           0.011967894864
 11 20 2 5           0.001309229411
 11 21 2 6           0.001091785816
 11 22 2 7           0.000136093686
 11 23 2 8          -0.000109121920
 11 24 3 1          -0.244137569204
 11 25 3 2          -0.021049381931
 11 26 3 3          -0.002022678059
 11 27 3 4           0.000358558655
 11 28 3 5           0.000321937111
 11 29 3 6           0.001727060448
 11 30 3 7          -0.000040499445
 11 31 3 8          -0.000138106187
 11 32 4 1           0.050750717169
 11 33 4 2          -0.031198792900
 11 34 4 3           0.038689381004
 11 35 4 4           0.004558308561
 11 36 4 5           0.003471409336
 11 37 4 6          -0.000304673439
 11 38 4 7          -0.000001104414
 11 39 4 8          -0.000009868388
 11 40 5 1           0.007400613069
 11 41 5 2          -0.021230336409
 11 42 5 3          -0.004834281880
 11 43 5 4          -0.005231415964
 11 44 5 5          -0.001921466229
 11 45 5 6           0.000116961056
 11 46 5 7          -0.000155422968
 11 47 5 8          -0.000005335233
 11 48 6 1           0.005302803846
 11 49 6 2           0.001450228535
 11 50 6 3           0.000279170106
 11 51 6 4          -0.001355600755
 11 52 6 5          -0.001665291837
 11 53 6 6          -0.000427748319
 11 54 6 7          -0.000324880555
 11 55 6 8          -0.000039003030
 11 56 7 1          -0.000413660888
 11 57 7 2           0.005074900202
 11 58 7 3           0.001359491927
 11 59 7 4           0.002154248751
 11 60 7 5           0.001647172976
 11 61 7 6           0.000759289437
 11 62 7 7           0.000528367866
 11 63 7 8           0.000113059459
 11 64 8 1          -0.001742217171
 11 65 8 2           0.000451636807
 11 66 8 3          -0.001117816591
 11 67 8 4          -0.000376076669
 11 68 8 5           0.000395503698
 11 69 8 6           0.000047257979
 11 70 8 7           0.000183388271
 11 71 8 8           0.000019968568
 11 72 1 0          -0.887759400828
 11 73 1 1           0.483031811634
 11 74 1 2           0.172962362629
 11 75 1 3           0.036570110406
 11 76 1 4           0.010332603830
 11 77 1 5           0.003454885453
 11 78 1 6          -0.000671373009
 11 79 1 7          -0.000655134447
 11 80 1 8          -0.000040554002
 11 81 2 0           1.323807874431
 11 82 2 1          -0.242133675081
 11 83 2 2          -0.064379807651
 11 84 2 3           0.010889389748
 11 85 2 4           0.011475944954
 11 86 2 5           0.001299377414
 11 87 2 6           0.000731064735
 11 88 2 7           0.000082938071
 11 89 2 8          -0.000209769898
 11 90 3 0          -0.962571360978
 11 91 3 1          -0.111126099744
 11 92 3 2          -0.039414961666
 11 93 3 3          -0.014325148344
 11 94 3 4           0.003668242135
 11 95 3 5          -0.000451166440
 11 96 3 6           0.000917896663
 11 97 3 7           0.000208558835
 11 98 3 8          -0.000104753864
 11 99 4 0           0.169648551798
 11 100 4 1           0.032932689715
 11 101 4 2          -0.000490870877
 11 102 4 3           0.028198500104
 11 103 4 4           0.003195194431
 11 104 4 5           0.002032195688
 11 105 4 6          -0.000142288646
 11 106 4 7           0.000368798177
 11 107 4 8          -0.000019859047
 11 108 5 0           0.051857208556
 11 109 5 1           0.005084316238
 11 110 5 2          -0.022988713920
 11 111 5 3          -0.008989066272
 11 112 5 4          -0.005559851395
 11 113 5 5          -0.001797646339
 11 114 5 6          -0.000013529989
 11 115 5 7           0.000007137677
 11 116 5 8          -0.000013642770
 11 117 6 0           0.000844761971
 11 118 6 1           0.003411456038
 11 119 6 2          -0.000616786921
 11 120 6 3          -0.001153380027
 11 121 6 4          -0.001490541576
 11 122 6 5          -0.001141030573
 11 123 6 6          -0.000527744393
 11 124 6 7          -0.000376093298
 11 125 6 8          -0.000065677672
 11 126 7 0          -0.009975074427
 11 127 7 1           0.000645423882
 11 128 7 2           0.003936033261
 11 129 7 3           0.002170633232
 11 130 7 4           0.002840493534
 11 131 7 5           0.001489664490
 11 132 7 6           0.000769653647
 11 133 7 7           0.000445588473
 11 134 7 8           0.000160544048
 11 135 8 0          -0.002617029458
 11 136 8 1          -0.001570418064
 11 137 8 2           0.000322287757
 11 138 8 3          -0.000221247091
 11 139 8 4          -0.000126866499
 11 140 8 5           0.000274813002
 11 141 8 6           0.000048459548
 11 142 8 7           0.000202402302
 11 143 8 8           0.000029483079
 12 0 0 0         154.326163005584
 12 1 0 1           0.031222405702
 12 2 0 2          -0.185680467546
 12 3 0 3          -0.118737415377
 12 4 0 4          -0.006770640925
 12 5 0 5          -0.009198859904
 12 6 0 6           0.000179062910
 12 7 0 7           0.000693187555
 12 8 0 8          -0.000005620731
 12 9 1 0          -0.298741587658
 12 10 1 1           0.196030759890
 12 11 1 2           0.018193735458
 12 12 1 3          -0.010345702274
 12 13 1 4          -0.000534683922
 12 14 1 5          -0.001602898633
 12 15 1 6           0.000167557358
 12 16 1 7          -0.000031984005
 12 17 1 8           0.000137839238
 12 18 2 0           0.519106928638
 12 19 2 1           0.105269679028
 12 20 2 2           0.019948855538
 12 21 2 3           0.015879571071
 12 22 2 4           0.001773649422
 12 23 2 5           0.000234925350
 12 24 2 6          -0.000540040277
 12 25 2 7          -0.000353695983
 12 26 2 8           0.000015985813
 12 27 3 0           0.080278707206
 12 28 3 1          -0.070799368116
 12 29 3 2           0.097630750113
 12 30 3 3          -0.032192642646
 12 31 3 4           0.002162573733
 12 32 3 5          -0.001421595721
 12 33 3 6          -0.000024240652
 12 34 3 7          -0.000498828771
 12 35 3 8           0.000048363988
 12 36 4 0          -0.057748754896
 12 37 4 1          -0.012054110999
 12 38 4 2          -0.000788663833
 12 39 4 3           0.001681068435
 12 40 4 4           0.001426827230
 12 41 4 5          -0.000993833069
 12 42 4 6          -0.000348855595
 12 43 4 7          -0.000306202203
 12 44 4 8          -0.000049352153
 12 45 5 0          -0.017488481503
 12 46 5 1          -0.010379228730
 12 47 5 2          -0.003132947789
 12 48 5 3          -0.005671176936
 12 49 5 4          -0.002754789042
 12 50 5 5          -0.000982122756
 12 51 5 6          -0.000219949151
 12 52 5 7          -0.000193188067
 12 53 5 8           0.000041322239
 12 54 6 0           0.035516239708
 12 55 6 1           0.002318448202
 12 56 6 2          -0.011025700308
 12 57 6 3          -0.002647994288
 12 58 6 4          -0.003926163675
 12 59 6 5          -0.002407281307
 12 60 6 6          -0.000851237181
 12 61 6 7          -0.000436992944
 12 62 6 8          -0.000140078303
 12 63 7 0           0.007888345840
 12 64 7 1           0.002172920711
 12 65 7 2           0.001547396302
 12 66 7 3           0.000055051768
 12 67 7 4          -0.000422206662
 12 68 7 5          -0.000338674693
 12 69 7 6          -0.000347722125
 12 70 7 7          -0.000156895742
 12 71 7 8           0.000061255334
 12 72 8 0          -0.000155701426
 12 73 8 1           0.000499870549
 12 74 8 2           0.000810761581
 12 75 8 3           0.000821486010
 12 76 8 4           0.000366569574
 12 77 8 5          -0.000053925653
 12 78 8 6          -0.000247047764
 12 79 8 7          -0.000071921711
 12 80 8 8           0.000062954938
 12 81 1 1          -0.121134160219
 12 82 1 2          -0.126277285909
 12 83 1 3           0.004536570138
 12 84 1 4           0.004243427171
 12 85 1 5           0.001225026770
 12 86 1 6           0.000865229941
 12 87 1 7           0.000186867961
 12 88 1 8          -0.000199327704
 12 89 2 1          -0.204927386914
 12 90 2 2          -0.047803168521
 12 91 2 3          -0.022775062589
 12 92 2 4           0.001421332558
 12 93 2 5           0.001372440928
 12 94 2 6           0.000760624104
 12 95 2 7           0.000328065972
 12 96 2 8          -0.000183638228
 12 97 3 1           0.013360006849
 12 98 3 2          -0.129071428842
 12 99 3 3           0.064280597331
 12 100 3 4           0.000771200453
 12 101 3 5           0.000460741492
 12 102 3 6           0.000270543019
 12 103 3 7           0.000096465449
 12 104 3 8          -0.000143338363
 12 105 4 1           0.017423947791
 12 106 4 2           0.015371612642
 12 107 4 3           0.000312376060
 12 108 4 4          -0.000949874576
 12 109 4 5           0.000584194662
 12 110 4 6           0.000079228665
 12 111 4 7           0.000247513406
 12 112 4 8           0.000029692702
 12 113 5 1           0.020479788461
 12 114 5 2           0.010184412011
 12 115 5 3           0.006221553623
 12 116 5 4           0.002168833019
 12 117 5 5           0.000722655268
 12 118 5 6           0.000229698424
 12 119 5 7           0.000223130994
 12 120 5 8          -0.000021455144
 12 121 6 1          -0.008073373153
 12 122 6 2           0.014194302554
 12 123 6 3           0.000657230469
 12 124 6 4           0.002991025879
 12 125 6 5           0.002370260655
 12 126 6 6           0.000894562717
 12 127 6 7           0.000556501799
 12 128 6 8           0.000125231847
 12 129 7 1          -0.004981811318
 12 130 7 2          -0.002999917097
 12 131 7 3          -0.000616551325
 12 132 7 4           0.000133527932
 12 133 7 5           0.000573212478
 12 134 7 6           0.000368007959
 12 135 7 7           0.000205411289
 12 136 7 8          -0.000100058506
 12 137 8 1          -0.002033528040
 12 138 8 2          -0.001629597515
 12 139 8 3          -0.000873981144
 12 140 8 4          -0.000065006803
 12 141 8 5           0.000119214510
 12 142 8 6           0.000165053518
 12 143 8 7           0.000028788240
 12 144 8 8          -0.000051251781
 13 0 0 1          -0.089573170763
 13 1 0 2          -0.165205654885
 13 2 0 3          -0.478077086959
 13 3 0 4           0.017125499538
 13 4 0 5           0.011789376268
 13 5 0 6          -0.007717622593
 13 6 0 7           0.000484413830
 13 7 0 8           0.000217734375
 13 8 1 1          -0.022798089333
 13 9 1 2          -0.117357811767
 13 10 1 3          -0.001996151453
 13 11 1 4           0.004510881339
 13 12 1 5          -0.001295832438
 13 13 1 6          -0.000293067769
 13 14 1 7           0.000237134488
 13 15 1 8          -0.000167896664
 13 16 2 1          -0.137192690117
 13 17 2 2           0.048567315811
 13 18 2 3           0.056223010025
 13 19 2 4          -0.005119692172
 13 20 2 5          -0.000123329016
 13 21 2 6           0.001452490102
 13 22 2 7          -0.000416047261
 13 23 2 8          -0.000072854759
 13 24 3 1           0.128009170794
 13 25 3 2          -0.035106353324
 13 26 3 3           0.017034292651
 13 27 3 4           0.008223367431
 13 28 3 5           0.002385422589
 13 29 3 6           0.000114132392
 13 30 3 7          -0.000168964515
 13 31 3 8           0.000101131651
 13 32 4 1          -0.013170101807
 13 33 4 2           0.026930655936
 13 34 4 3          -0.000440428177
 13 35 4 4           0.000979011827
 13 36 4 5           0.000661297306
 13 37 4 6           0.000258059356
 13 38 4 7           0.000043106569
 13 39 4 8           0.000079183610
 13 40 5 1          -0.017361462952
 13 41 5 2           0.008750720518
 13 42 5 3          -0.002608409382
 13 43 5 4          -0.000243555144
 13 44 5 5          -0.000086095808
 13 45 5 6           0.000223387505
 13 46 5 7           0.000105505132
 13 47 5 8          -0.000035251240
 13 48 6 1          -0.007088309349
 13 49 6 2          -0.010854012470
 13 50 6 3          -0.004259698341
 13 51 6 4          -0.002393252732
 13 52 6 5          -0.000587532195
 13 53 6 6          -0.000005927835
 13 54 6 7          -0.000258212417
 13 55 6 8          -0.000098016052
 13 56 7 1           0.002179572259
 13 57 7 2          -0.002887976544
 13 58 7 3          -0.001225939550
 13 59 7 4          -0.000769826260
 13 60 7 5          -0.000570836750
 13 61 7 6          -0.000110006743
 13 62 7 7          -0.000105615722
 13 63 7 8           0.000022454268
 13 64 8 1           0.002478848977
 13 65 8 2          -0.000513722866
 13 66 8 3          -0.000025704736
 13 67 8 4          -0.000406157915
 13 68 8 5          -0.000448319827
 13 69 8 6          -0.000280870358
 13 70 8 7          -0.000094920733
 13 71 8 8           0.000035931006
 13 72 1 0           0.725845207608
 13 73 1 1           0.023355415216
 13 74 1 2          -0.102529850750
 13 75 1 3           0.016210641082
 13 76 1 4           0.002728446860
 13 77 1 5          -0.001782588510
 13 78 1 6           0.000577470095
 13 79 1 7           0.000202091598
 13 80 1 8          -0.000138057102
 13 81 2 0          -1.806965104788
 13 82 2 1           0.061807471761
 13 83 2 2          -0.136574005729
 13 84 2 3          -0.003552906992
 13 85 2 4           0.003815167264
 13 86 2 5          -0.000641376649
 13 87 2 6          -0.000141949491
 13 88 2 7           0.000265514307
 13 89 2 8          -0.000076931496
 13 90 3 0           0.723979102097
 13 91 3 1          -0.028287690306
 13 92 3 2          -0.088811001367
 13 93 3 3           0.031564829527
 13 94 3 4           0.001435847881
 13 95 3 5          -0.000223634791
 13 96 3 6           0.000140806543
 13 97 3 7           0.000284930618
 13 98 3 8          -0.000232310047
 13 99 4 0          -0.160521512217
 13 100 4 1           0.005164537632
 13 101 4 2           0.017496721902
 13 102 4 3          -0.001201857457
 13 103 4 4           0.001191838535
 13 104 4 5           0.000955572730
 13 105 4 6           0.000303200411
 13 106 4 7           0.000051992191
 13 107 4 8           0.000016454595
 13 108 5 0          -0.052315985434
 13 109 5 1          -0.007265514107
 13 110 5 2           0.012056229836
 13 111 5 3          -0.002864314040
 13 112 5 4           0.001131138300
 13 113 5 5           0.000323641136
 13 114 5 6           0.000082265470
 13 115 5 7           0.000056152503
 13 116 5 8           0.000072524102
 13 117 6 0           0.009095828725
 13 118 6 1          -0.007610321091
 13 119 6 2          -0.012228870445
 13 120 6 3          -0.003416284119
 13 121 6 4          -0.001997552866
 13 122 6 5          -0.001076970310
 13 123 6 6          -0.000120484615
 13 124 6 7          -0.000124456532
 13 125 6 8          -0.000059048736
 13 126 7 0           0.012535516198
 13 127 7 1           0.000504548583
 13 128 7 2          -0.000915085780
 13 129 7 3          -0.001225925697
 13 130 7 4          -0.001277788520
 13 131 7 5          -0.000517074379
 13 132 7 6          -0.000166971695
 13 133 7 7          -0.000029396488
 13 134 7 8          -0.000003157243
 13 135 8 0           0.004245907015
 13 136 8 1           0.002316821000
 13 137 8 2           0.000235394154
 13 138 8 3          -0.000344889900
 13 139 8 4          -0.000431338140
 13 140 8 5          -0.000429404432
 13 141 8 6          -0.000245253408
 13 142 8 7          -0.000114061530
 13 143 8 8          -0.000007274262
 14 0 0 0         108.415831487649
 14 1 0 1          -0.028184260826
 14 2 0 2          -0.031187175702
 14 3 0 3           0.274342201367
 14 4 0 4           0.018434115780
 14 5 0 5           0.003465864298
 14 6 0 6           0.003421799810
 14 7 0 7          -0.001954538409
 14 8 0 8          -0.000169792220
 14 9 1 0          -0.255083675892
 14 10 1 1          -0.188920802242
 14 11 1 2          -0.327171942973
 14 12 1 3          -0.041057451916
 14 13 1 4          -0.010133370905
 14 14 1 5           0.002211431518
 14 15 1 6           0.001209858297
 14 16 1 7          -0.000011071173
 14 17 1 8          -0.000210723391
 14 18 2 0          -0.047410788786
 14 19 2 1           0.107193709100
 14 20 2 2          -0.201948425383
 14 21 2 3          -0.069657566334
 14 22 2 4          -0.028499408022
 14 23 2 5          -0.006260970579
 14 24 2 6           0.000224636984
 14 25 2 7           0.001039674373
 14 26 2 8           0.000206743274
 14 27 3 0          -0.008433588208
 14 28 3 1           0.077168403118
 14 29 3 2          -0.166146865234
 14 30 3 3          -0.074818560427
 14 31 3 4          -0.050873073813
 14 32 3 5          -0.021531705772
 14 33 3 6          -0.005313863592
 14 34 3 7          -0.000089652078
 14 35 3 8           0.000491908816
 14 36 4 0           0.018398865384
 14 37 4 1           0.008743452267
 14 38 4 2          -0.018843027102
 14 39 4 3          -0.027262567857
 14 40 4 4          -0.025666297148
 14 41 4 5          -0.011904499399
 14 42 4 6          -0.004135066152
 14 43 4 7          -0.001016610795
 14 44 4 8          -0.000108831207
 14 45 5 0           0.001522396311
 14 46 5 1           0.009823877021
 14 47 5 2           0.002780655928
 14 48 5 3          -0.003151722696
 14 49 5 4          -0.007406096864
 14 50 5 5          -0.005592322550
 14 51 5 6          -0.002752478749
 14 52 5 7          -0.001202134561
 14 53 5 8          -0.000478861655
 14 54 6 0           0.001337833891
 14 55 6 1          -0.006783847225
 14 56 6 2           0.005998614553
 14 57 6 3           0.005321494719
 14 58 6 4           0.002457615071
 14 59 6 5           0.000319337277
 14 60 6 6          -0.000433562812
 14 61 6 7          -0.000255219745
 14 62 6 8          -0.000134579993
 14 63 7 0          -0.002622472086
 14 64 7 1          -0.003794047279
 14 65 7 2           0.000003617867
 14 66 7 3           0.000683949004
 14 67 7 4           0.000884166849
 14 68 7 5           0.000501370125
 14 69 7 6          -0.000032859342
 14 70 7 7          -0.000387072593
 14 71 7 8          -0.000399289158
 14 72 8 0          -0.000303336692
 14 73 8 1          -0.000342376121
 14 74 8 2          -0.000610547730
 14 75 8 3          -0.000509656518
 14 76 8 4           0.000087954372
 14 77 8 5           0.000435784554
 14 78 8 6           0.000174768069
 14 79 8 7          -0.000055544823
 14 80 8 8          -0.000205878338
 14 81 1 1           0.295565231571
 14 82 1 2           0.302148573785
 14 83 1 3           0.075657388950
 14 84 1 4           0.014435455128
 14 85 1 5          -0.001291154621
 14 86 1 6          -0.002981679301
 14 87 1 7          -0.000869448687
 14 88 1 8           0.000163209634
 14 89 2 1           0.196010442144
 14 90 2 2           0.209822285265
 14 91 2 3           0.068888487645
 14 92 2 4           0.027058937370
 14 93 2 5           0.004968952785
 14 94 2 6          -0.001747878306
 14 95 2 7          -0.000907979154
 14 96 2 8          -0.000162524499
 14 97 3 1           0.336363956433
 14 98 3 2           0.153528007205
 14 99 3 3           0.086869110558
 14 100 3 4           0.041126778068
 14 101 3 5           0.020075916052
 14 102 3 6           0.004809011078
 14 103 3 7           0.000187160456
 14 104 3 8          -0.000196937133
 14 105 4 1          -0.000241167908
 14 106 4 2           0.016650255454
 14 107 4 3           0.022324227913
 14 108 4 4           0.022443479758
 14 109 4 5           0.011984548045
 14 110 4 6           0.004557636682
 14 111 4 7           0.001190764272
 14 112 4 8           0.000242129798
 14 113 5 1          -0.012671837068
 14 114 5 2          -0.006545062403
 14 115 5 3          -0.001450529900
 14 116 5 4           0.007970937501
 14 117 5 5           0.006258430383
 14 118 5 6           0.002896525921
 14 119 5 7           0.001338474024
 14 120 5 8           0.000445142667
 14 121 6 1           0.005607533273
 14 122 6 2          -0.009443565907
 14 123 6 3          -0.004287885565
 14 124 6 4          -0.000626471318
 14 125 6 5          -0.000170040801
 14 126 6 6           0.000327986478
 14 127 6 7           0.000141355721
 14 128 6 8           0.000119250712
 14 129 7 1           0.002545657409
 14 130 7 2           0.001375077147
 14 131 7 3           0.000645590943
 14 132 7 4          -0.000904375885
 14 133 7 5          -0.000559611058
 14 134 7 6          -0.000054591563
 14 135 7 7           0.000300427779
 14 136 7 8           0.000393234450
 14 137 8 1           0.000769753143
 14 138 8 2           0.001481618051
 14 139 8 3           0.000704470541
 14 140 8 4          -0.000280917004
 14 141 8 5          -0.000458341632
 14 142 8 6          -0.000189373506
 14 143 8 7           0.000036524875
 14 144 8 8           0.000177813816
 16 0 0 1          -0.020950840973
 16 1 0 2          -0.009963811905
 16 2 0 3           0.002431183574
 16 3 0 4          -0.000708744421
 16 4 0 5           0.000286731305
 16 5 0 6           0.000034644143
 16 6 0 7          -0.000026205801
 16 7 0 8          -0.000047340195
 16 8 1 1          -0.057497409338
 16 9 1 2           0.138629511346
 16 10 1 3           0.078815404250
 16 11 1 4           0.001026747042
 16 12 1 5          -0.002236583605
 16 13 1 6           0.000870748946
 16 14 1 7          -0.000184634081
 16 15 1 8          -0.000159629231
 16 16 2 1          -0.055292524202
 16 17 2 2          -0.063219838615
 16 18 2 3           0.000693573829
 16 19 2 4          -0.006672185612
 16 20 2 5          -0.001511749057
 16 21 2 6           0.000328315503
 16 22 2 7          -0.000270953361
 16 23 2 8           0.000144816205
 16 24 3 1           0.402162644841
 16 25 3 2          -0.011270423143
 16 26 3 3           0.009910906272
 16 27 3 4          -0.001176344234
 16 28 3 5           0.001617233068
 16 29 3 6          -0.001871084128
 16 30 3 7           0.000040699812
 16 31 3 8           0.000073646548
 16 32 4 1          -0.044824412687
 16 33 4 2           0.014666979605
 16 34 4 3          -0.047540463439
 16 35 4 4          -0.005576998604
 16 36 4 5          -0.003595661900
 16 37 4 6           0.000242751149
 16 38 4 7           0.000038745615
 16 39 4 8          -0.000019963728
 16 40 5 1          -0.020554081954
 16 41 5 2          -0.019246116375
 16 42 5 3          -0.004363845317
 16 43 5 4          -0.003013877019
 16 44 5 5          -0.001987147406
 16 45 5 6          -0.000721091658
 16 46 5 7          -0.000331574627
 16 47 5 8          -0.000138882501
 16 48 6 1           0.013488736894
 16 49 6 2           0.014845592560
 16 50 6 3           0.001308697940
 16 51 6 4           0.001827142978
 16 52 6 5           0.002949501314
 16 53 6 6           0.000185605294
 16 54 6 7           0.000701658735
 16 55 6 8           0.000196836307
 16 56 7 1           0.003528535739
 16 57 7 2          -0.003751420561
 16 58 7 3          -0.002435014893
 16 59 7 4          -0.002840207673
 16 60 7 5          -0.002630397571
 16 61 7 6          -0.000982912605
 16 62 7 7          -0.000880850055
 16 63 7 8          -0.000354471901
 16 64 8 1          -0.000981053187
 16 65 8 2           0.001953575750
 16 66 8 3           0.001183969431
 16 67 8 4           0.000086532359
 16 68 8 5          -0.000143177913
 16 69 8 6          -0.000287041082
 16 70 8 7          -0.000274618835
 16 71 8 8          -0.000046530128
 16 72 1 0           0.513670148951
 16 73 1 1          -0.127674900413
 16 74 1 2           0.006450093396
 16 75 1 3          -0.016704930455
 16 76 1 4          -0.004642710713
 16 77 1 5          -0.002940936383
 16 78 1 6           0.000269854597
 16 79 1 7           0.000186467347
 16 80 1 8          -0.000050346227
 16 81 2 0           0.305709681932
 16 82 2 1          -0.134446592968
 16 83 2 2          -0.032300307894
 16 84 2 3          -0.017347208635
 16 85 2 4          -0.003854023325
 16 86 2 5          -0.001339693884
 16 87 2 6          -0.000000089053
 16 88 2 7          -0.000097912731
 16 89 2 8           0.000197905707
 16 90 3 0           1.870859988551
 16 91 3 1           0.161299423180
 16 92 3 2           0.075610784906
 16 93 3 3           0.029718471898
 16 94 3 4          -0.007450913293
 16 95 3 5           0.001066600467
 16 96 3 6          -0.001404089596
 16 97 3 7          -0.000264678355
 16 98 3 8           0.000126936694
 16 99 4 0          -0.023510848185
 16 100 4 1          -0.047373622821
 16 101 4 2           0.008997723307
 16 102 4 3          -0.034753414949
 16 103 4 4          -0.006210129133
 16 104 4 5          -0.002430344738
 16 105 4 6           0.000194205894
 16 106 4 7          -0.000183923531
 16 107 4 8          -0.000022914438
 16 108 5 0          -0.046578109584
 16 109 5 1          -0.009218333367
 16 110 5 2          -0.010401541623
 16 111 5 3          -0.006833343502
 16 112 5 4          -0.001945406821
 16 113 5 5          -0.002392912132
 16 114 5 6          -0.000540630230
 16 115 5 7          -0.000414526325
 16 116 5 8          -0.000084312231
 16 117 6 0           0.042853159565
 16 118 6 1           0.001520430128
 16 119 6 2           0.010733909502
 16 120 6 3           0.004009357420
 16 121 6 4           0.002238007836
 16 122 6 5           0.002401718016
 16 123 6 6           0.000475974264
 16 124 6 7           0.000773950231
 16 125 6 8           0.000201714917
 16 126 7 0           0.009822338261
 16 127 7 1           0.000296135600
 16 128 7 2          -0.003255903012
 16 129 7 3          -0.002623847269
 16 130 7 4          -0.003511003651
 16 131 7 5          -0.002206121085
 16 132 7 6          -0.001039553408
 16 133 7 7          -0.000808152934
 16 134 7 8          -0.000440173777
 16 135 8 0          -0.003837308152
 16 136 8 1          -0.000377631617
 16 137 8 2           0.001410291562
 16 138 8 3           0.000813540157
 16 139 8 4           0.000389492159
 16 140 8 5          -0.000149380461
 16 141 8 6          -0.000297050694
 16 142 8 7          -0.000288225953
 16 143 8 8          -0.000027145632
 17 0 0 0        -168.259825285467
 17 1 0 1           0.145068694305
 17 2 0 2          -0.029801900035
 17 3 0 3          -0.003760117015
 17 4 0 4          -0.001489154653
 17 5 0 5          -0.000857560563
 17 6 0 6           0.000108465946
 17 7 0 7           0.000133619258
 17 8 0 8           0.000055733074
 17 9 1 0          -0.124023535393
 17 10 1 1           0.329982004761
 17 11 1 2           0.060786199859
 17 12 1 3           0.005398204317
 17 13 1 4          -0.004228125085
 17 14 1 5          -0.003404707345
 17 15 1 6          -0.000491888721
 17 16 1 7           0.000139845252
 17 17 1 8           0.000111547479
 17 18 2 0          -0.109850654565
 17 19 2 1           0.314017135515
 17 20 2 2           0.223731781305
 17 21 2 3           0.045434941771
 17 22 2 4           0.019970362750
 17 23 2 5           0.002294524975
 17 24 2 6          -0.000315531466
 17 25 2 7          -0.000179666783
 17 26 2 8          -0.000100251175
 17 27 3 0           0.034217712138
 17 28 3 1           0.019067792120
 17 29 3 2           0.040850744264
 17 30 3 3           0.026350256616
 17 31 3 4           0.011594474835
 17 32 3 5           0.003384612859
 17 33 3 6           0.000440619491
 17 34 3 7          -0.000112219374
 17 35 3 8           0.000013185863
 17 36 4 0          -0.071200445938
 17 37 4 1          -0.056560226262
 17 38 4 2          -0.007397642582
 17 39 4 3          -0.007443711451
 17 40 4 4           0.004889509423
 17 41 4 5           0.002633277262
 17 42 4 6           0.001642166490
 17 43 4 7           0.000155023553
 17 44 4 8           0.000105219909
 17 45 5 0           0.017627546625
 17 46 5 1          -0.003244170516
 17 47 5 2          -0.001262304830
 17 48 5 3           0.006275582984
 17 49 5 4           0.004145985516
 17 50 5 5           0.002389840384
 17 51 5 6           0.001446356196
 17 52 5 7           0.000798108818
 17 53 5 8           0.000312930253
 17 54 6 0           0.023881904412
 17 55 6 1          -0.000442117822
 17 56 6 2          -0.006293475624
 17 57 6 3          -0.003689852239
 17 58 6 4          -0.001651330586
 17 59 6 5          -0.000098603646
 17 60 6 6           0.000564890551
 17 61 6 7           0.000313374327
 17 62 6 8           0.000261598156
 17 63 7 0           0.010704994401
 17 64 7 1           0.003068142852
 17 65 7 2          -0.003280631891
 17 66 7 3          -0.002114916691
 17 67 7 4          -0.002503543210
 17 68 7 5          -0.001282796442
 17 69 7 6          -0.000610717063
 17 70 7 7          -0.000203344394
 17 71 7 8           0.000052120003
 17 72 8 0          -0.000657450746
 17 73 8 1           0.001081352572
 17 74 8 2           0.002477947797
 17 75 8 3           0.001194761123
 17 76 8 4           0.000446819663
 17 77 8 5           0.000018622697
 17 78 8 6          -0.000133864225
 17 79 8 7          -0.000028687037
 17 80 8 8           0.000095678839
 17 81 1 1          -0.228476303496
 17 82 1 2          -0.243725878819
 17 83 1 3          -0.072881729639
 17 84 1 4           0.000148585659
 17 85 1 5           0.003299367443
 17 86 1 6           0.000315573344
 17 87 1 7           0.000432990207
 17 88 1 8          -0.000090981203
 17 89 2 1          -0.283244839433
 17 90 2 2          -0.381184924115
 17 91 2 3          -0.037641592717
 17 92 2 4          -0.017068887501
 17 93 2 5          -0.001585626018
 17 94 2 6           0.000836619267
 17 95 2 7           0.000231961076
 17 96 2 8          -0.000107632566
 17 97 3 1          -0.058469802931
 17 98 3 2          -0.043564044930
 17 99 3 3          -0.020628410636
 17 100 3 4          -0.009866701237
 17 101 3 5          -0.002580849452
 17 102 3 6          -0.000439267764
 17 103 3 7          -0.000040238593
 17 104 3 8          -0.000069730961
 17 105 4 1           0.057076637259
 17 106 4 2           0.008032936076
 17 107 4 3           0.017371371453
 17 108 4 4          -0.003765639906
 17 109 4 5          -0.002260926859
 17 110 4 6          -0.001765498163
 17 111 4 7          -0.000451559400
 17 112 4 8          -0.000052990462
 17 113 5 1           0.005425497964
 17 114 5 2           0.011734363811
 17 115 5 3          -0.007117438954
 17 116 5 4          -0.004877420229
 17 117 5 5          -0.002838875360
 17 118 5 6          -0.001564174496
 17 119 5 7          -0.000774611179
 17 120 5 8          -0.000224724980
 17 121 6 1          -0.000737086928
 17 122 6 2           0.008972131114
 17 123 6 3           0.002908498776
 17 124 6 4           0.000648943225
 17 125 6 5           0.000085122049
 17 126 6 6          -0.000465690371
 17 127 6 7          -0.000302033018
 17 128 6 8          -0.000289166713
 17 129 7 1          -0.005434258819
 17 130 7 2           0.002479259038
 17 131 7 3           0.001220597234
 17 132 7 4           0.002319760287
 17 133 7 5           0.001512627285
 17 134 7 6           0.000599464785
 17 135 7 7           0.000273970553
 17 136 7 8          -0.000070150047
 17 137 8 1          -0.002043201462
 17 138 8 2          -0.004070377516
 17 139 8 3          -0.000852768935
 17 140 8 4          -0.000435571280
 17 141 8 5           0.000118414937
 17 142 8 6           0.000170902123
 17 143 8 7          -0.000005194669
 17 144 8 8          -0.000082282570
 18 0 0 1           4.177901306754
 18 1 0 2           1.371892048686
 18 2 0 3          -0.545221721752
 18 3 0 4           0.063439190677
 18 4 0 5           0.022200560248
 18 5 0 6          -0.009587467152
 18 6 0 7          -0.000087955870
 18 7 0 8           0.000438561605
 18 8 1 1           0.037605486126
 18 9 1 2          -0.072087706698
 18 10 1 3          -0.038661026340
 18 11 1 4           0.008004713182
 18 12 1 5          -0.001383586628
 18 13 1 6          -0.000090996938
 18 14 1 7           0.000523827412
 18 15 1 8          -0.000060182998
 18 16 2 1          -0.034619720300
 18 17 2 2           0.105350240964
 18 18 2 3           0.055706104154
 18 19 2 4          -0.007447023512
 18 20 2 5          -0.003116577390
 18 21 2 6           0.001971228969
 18 22 2 7          -0.000439680133
 18 23 2 8           0.000057669516
 18 24 3 1           0.306384238528
 18 25 3 2          -0.014341399546
 18 26 3 3          -0.036122580569
 18 27 3 4           0.010507875450
 18 28 3 5           0.001622590985
 18 29 3 6          -0.001741977126
 18 30 3 7          -0.000371376901
 18 31 3 8          -0.000013111706
 18 32 4 1           0.006770824300
 18 33 4 2           0.009529908927
 18 34 4 3          -0.001355797969
 18 35 4 4          -0.000893249588
 18 36 4 5          -0.001627274162
 18 37 4 6          -0.000710198574
 18 38 4 7          -0.000317933351
 18 39 4 8          -0.000031378009
 18 40 5 1          -0.032724355596
 18 41 5 2           0.006770328152
 18 42 5 3          -0.003373569942
 18 43 5 4          -0.001744555445
 18 44 5 5          -0.001077093819
 18 45 5 6          -0.000228144624
 18 46 5 7          -0.000126106415
 18 47 5 8          -0.000121709644
 18 48 6 1           0.013303274530
 18 49 6 2          -0.008082808542
 18 50 6 3          -0.000394965566
 18 51 6 4          -0.001598129903
 18 52 6 5          -0.000530917229
 18 53 6 6           0.000100162447
 18 54 6 7          -0.000208679409
 18 55 6 8          -0.000076503466
 18 56 7 1           0.002746510465
 18 57 7 2           0.000217218872
 18 58 7 3          -0.001682213086
 18 59 7 4          -0.000739484375
 18 60 7 5          -0.000330951792
 18 61 7 6           0.000027425170
 18 62 7 7          -0.000054708736
 18 63 7 8           0.000037725171
 18 64 8 1           0.000664331619
 18 65 8 2          -0.000306505646
 18 66 8 3          -0.000005685963
 18 67 8 4          -0.000388099454
 18 68 8 5          -0.000327263368
 18 69 8 6          -0.000137124758
 18 70 8 7          -0.000017153785
 18 71 8 8           0.000079435981
 18 72 1 0           0.379458656644
 18 73 1 1           0.009622884844
 18 74 1 2          -0.108153011162
 18 75 1 3          -0.002273404937
 18 76 1 4           0.001559624557
 18 77 1 5          -0.001809111775
 18 78 1 6           0.000725272776
 18 79 1 7           0.000369343142
 18 80 1 8          -0.000025206739
 18 81 2 0           0.053736305484
 18 82 2 1          -0.022850236851
 18 83 2 2          -0.067344627877
 18 84 2 3          -0.007701256188
 18 85 2 4           0.006739050977
 18 86 2 5          -0.002263816053
 18 87 2 6          -0.000117278516
 18 88 2 7           0.000417596250
 18 89 2 8           0.000143877107
 18 90 3 0           1.770586216314
 18 91 3 1           0.001626605091
 18 92 3 2          -0.087846223975
 18 93 3 3           0.013652360799
 18 94 3 4          -0.000248060900
 18 95 3 5          -0.000602388197
 18 96 3 6          -0.001502685111
 18 97 3 7           0.000058602437
 18 98 3 8          -0.000175346683
 18 99 4 0          -0.006726526364
 18 100 4 1          -0.004025013929
 18 101 4 2           0.022718464508
 18 102 4 3          -0.004178159606
 18 103 4 4          -0.002382116916
 18 104 4 5          -0.001141771288
 18 105 4 6          -0.000664069680
 18 106 4 7          -0.000261705020
 18 107 4 8          -0.000077971296
 18 108 5 0          -0.081068087864
 18 109 5 1          -0.013646543494
 18 110 5 2           0.010004037149
 18 111 5 3          -0.006388656023
 18 112 5 4           0.000142178387
 18 113 5 5          -0.000583891554
 18 114 5 6          -0.000429417517
 18 115 5 7          -0.000144055812
 18 116 5 8           0.000037594992
 18 117 6 0           0.062894073837
 18 118 6 1          -0.003132882333
 18 119 6 2          -0.017203957033
 18 120 6 3           0.001529186509
 18 121 6 4          -0.000500652200
 18 122 6 5          -0.001434473533
 18 123 6 6           0.000072229973
 18 124 6 7           0.000056753305
 18 125 6 8          -0.000066167423
 18 126 7 0           0.011742904408
 18 127 7 1          -0.000162560222
 18 128 7 2           0.000411994930
 18 129 7 3          -0.001525362188
 18 130 7 4          -0.001196888240
 18 131 7 5          -0.000283483026
 18 132 7 6          -0.000139132598
 18 133 7 7           0.000072989462
 18 134 7 8          -0.000003629850
 18 135 8 0          -0.000458244172
 18 136 8 1           0.000808017399
 18 137 8 2           0.000167859472
 18 138 8 3          -0.000259376864
 18 139 8 4          -0.000091142878
 18 140 8 5          -0.000437937297
 18 141 8 6          -0.000090114870
 18 142 8 7          -0.000052775174
 18 143 8 8           0.000036554744
 19 0 0 0         171.060254601690
 19 1 0 1           0.053686655720
 19 2 0 2          -0.085904083830
 19 3 0 3           0.141034627231
 19 4 0 4           0.013741101622
 19 5 0 5          -0.000864778622
 19 6 0 6          -0.000254330416
 19 7 0 7          -0.000681695154
 19 8 0 8          -0.000086271742
 19 9 1 0           0.368188800958
 19 10 1 1          -0.155298432679
 19 11 1 2           0.009042294784
 19 12 1 3           0.005803923289
 19 13 1 4          -0.000520311189
 19 14 1 5           0.001552350822
 19 15 1 6           0.000141185193
 19 16 1 7          -0.000049583334
 19 17 1 8          -0.000076071047
 19 18 2 0          -0.189369853817
 19 19 2 1          -0.108407582913
 19 20 2 2          -0.016598300869
 19 21 2 3          -0.016484314096
 19 22 2 4          -0.002641486775
 19 23 2 5           0.000161203592
 19 24 2 6           0.000677861738
 19 25 2 7           0.000305732392
 19 26 2 8           0.000046528165
 19 27 3 0           0.054613593709
 19 28 3 1           0.045878902510
 19 29 3 2          -0.055345685592
 19 30 3 3           0.018817392749
 19 31 3 4          -0.003775883415
 19 32 3 5           0.000673388503
 19 33 3 6          -0.000107987377
 19 34 3 7           0.000646742958
 19 35 3 8           0.000044342344
 19 36 4 0           0.036446068170
 19 37 4 1           0.009668184364
 19 38 4 2          -0.000323771230
 19 39 4 3          -0.003667681438
 19 40 4 4          -0.001619937001
 19 41 4 5           0.000368728333
 19 42 4 6           0.000245630182
 19 43 4 7           0.000289806549
 19 44 4 8           0.000056932023
 19 45 5 0          -0.004916876098
 19 46 5 1           0.008561366957
 19 47 5 2           0.001854185957
 19 48 5 3           0.004038416846
 19 49 5 4           0.001814623728
 19 50 5 5           0.000575611535
 19 51 5 6           0.000207991592
 19 52 5 7           0.000190052690
 19 53 5 8          -0.000048437071
 19 54 6 0          -0.030259779371
 19 55 6 1          -0.003230296258
 19 56 6 2           0.008043839550
 19 57 6 3           0.003085903850
 19 58 6 4           0.002506527630
 19 59 6 5           0.001813871626
 19 60 6 6           0.000372336282
 19 61 6 7           0.000211274374
 19 62 6 8           0.000087210688
 19 63 7 0          -0.006521240381
 19 64 7 1          -0.002232328115
 19 65 7 2          -0.001531178397
 19 66 7 3           0.000017898543
 19 67 7 4           0.000433101708
 19 68 7 5           0.000288823064
 19 69 7 6           0.000289640027
 19 70 7 7           0.000141554232
 19 71 7 8          -0.000066551894
 19 72 8 0          -0.000676382008
 19 73 8 1          -0.001026204782
 19 74 8 2          -0.000811679443
 19 75 8 3          -0.000718020241
 19 76 8 4          -0.000260987696
 19 77 8 5           0.000007826686
 19 78 8 6           0.000231623384
 19 79 8 7           0.000100863756
 19 80 8 8          -0.000023578595
 19 81 1 1           0.095549296216
 19 82 1 2           0.096043321024
 19 83 1 3           0.001012932889
 19 84 1 4          -0.001838029902
 19 85 1 5          -0.001523941536
 19 86 1 6          -0.001162698466
 19 87 1 7          -0.000145643563
 19 88 1 8           0.000174003944
 19 89 2 1           0.124139727721
 19 90 2 2           0.080419093842
 19 91 2 3           0.027252421458
 19 92 2 4          -0.000456432639
 19 93 2 5          -0.000908935696
 19 94 2 6          -0.000888065051
 19 95 2 7          -0.000315804134
 19 96 2 8           0.000126941346
 19 97 3 1          -0.021611884756
 19 98 3 2           0.089779987558
 19 99 3 3          -0.041215024714
 19 100 3 4           0.000566297048
 19 101 3 5          -0.001514334970
 19 102 3 6           0.000074753282
 19 103 3 7          -0.000344013219
 19 104 3 8           0.000024585990
 19 105 4 1          -0.012861382650
 19 106 4 2          -0.012219713952
 19 107 4 3           0.002383967985
 19 108 4 4           0.000645305056
 19 109 4 5          -0.000153420451
 19 110 4 6           0.000039773433
 19 111 4 7          -0.000188969701
 19 112 4 8          -0.000074689468
 19 113 5 1          -0.013835681747
 19 114 5 2          -0.008280471466
 19 115 5 3          -0.004876353426
 19 116 5 4          -0.001483743931
 19 117 5 5          -0.000232412502
 19 118 5 6          -0.000046137368
 19 119 5 7          -0.000182525692
 19 120 5 8          -0.000008672557
 19 121 6 1           0.006015180239
 19 122 6 2          -0.012460427753
 19 123 6 3          -0.000518321759
 19 124 6 4          -0.001956691379
 19 125 6 5          -0.001437803788
 19 126 6 6          -0.000424577791
 19 127 6 7          -0.000333420051
 19 128 6 8          -0.000096997848
 19 129 7 1           0.004361675625
 19 130 7 2           0.002655602861
 19 131 7 3           0.000706806533
 19 132 7 4          -0.000013598777
 19 133 7 5          -0.000390601518
 19 134 7 6          -0.000386520863
 19 135 7 7          -0.000195795578
 19 136 7 8           0.000090117926
 19 137 8 1           0.002325913064
 19 138 8 2           0.001717986258
 19 139 8 3           0.000849157726
 19 140 8 4           0.000102556064
 19 141 8 5          -0.000140401072
 19 142 8 6          -0.000198908597
 19 143 8 7          -0.000051818611
 19 144 8 8           0.000027802031
 