  9       9       9       9       9       0       0       0       0       -2.0088906385104568e-01  
  9       9       9       9       9       0       0       0       1        3.8446580048159353e-03  
  9       9       9       9       9       0       0       0       2        1.4661318647814763e-02  
  9       9       9       9       9       0       0       0       3       -4.3125106858535227e-03  
  9       9       9       9       9       0       0       0       4        1.0801165547348442e-02  
  9       9       9       9       9       0       0       0       5        1.4581578092948171e-02  
  9       9       9       9       9       0       0       0       6       -1.3962850052042897e-02  
  9       9       9       9       9       0       0       0       7        9.3837988135239486e-04  
  9       9       9       9       9       0       0       0       8       -8.0231836498743672e-02  
  9       9       9       9       9       0       0       0       9        6.2862587054196483e-03  
  9       9       9       9       9       0       0       0      10        2.8536092547880667e-02  
  9       9       9       9       9       0       0       0      11       -2.2777793367331264e-03  
  9       9       9       9       9       0       0       0      12        2.6362945908349499e-02  
  9       9       9       9       9       0       0       0      13        9.9259650077934726e-03  
  9       9       9       9       9       0       0       0      14        3.3384012661848862e-03  
  9       9       9       9       9       0       0       0      15       -1.0372980940780785e-03  
  9       9       9       9       9       0       0       0      16        1.3239649340099319e-02  
  9       9       9       9       9       0       0       0      17       -6.3128738256054981e-03  
  9       9       9       9       9       0       0       0      18       -4.2746504774210077e-03  
  9       9       9       9       9       0       0       0      19       -3.4695123878041974e-02  
  9       9       9       9       9       0       0       0      20        4.6442620867186398e-03  
  9       9       9       9       9       0       0       0      21        8.8377625449856596e-04  
  9       9       9       9       9       0       0       0      22        2.8939542386830750e-02  
  9       9       9       9       9       0       0       0      23       -1.2296463952271974e-02  
  9       9       9       9       9       0       0       0      24        5.5762001829948442e-04  
  9       9       9       9       9       0       0       0      25        0.0000000000000000e+00  
  9       9       9       9       9       0       0       0      26        0.0000000000000000e+00  
  9       9       9       9       9       0       0       0      27        0.0000000000000000e+00  
  9       9       9       9       9       0       0       0      28        0.0000000000000000e+00  
  9       9       9       9       9       0       0       0      29        0.0000000000000000e+00  
  9       9       9       9       9       0       0       0      30        0.0000000000000000e+00  
  9       9       9       9       9       0       0       0      31        0.0000000000000000e+00  
  9       9       9       9       9       0       0       0      32        0.0000000000000000e+00  
  9       9       9       9       9       0       0       0      33        0.0000000000000000e+00  
  9       9       9       9       9       0       0       0      34        0.0000000000000000e+00  
  9       9       9       9       9       0       0       0      35        0.0000000000000000e+00  
  9       9       9       9       9       0       0       0      36        0.0000000000000000e+00  
  9       9       9       9       9       0       0       0      37        0.0000000000000000e+00  
  9       9       9       9       9       0       0       0      38        0.0000000000000000e+00  
  9       9       9       9       9       0       0       0      39        0.0000000000000000e+00  
  9       9       9       9       9       0       0       0      40        0.0000000000000000e+00  
 10      10      10      10      10       0       0       0       0       -1.6430035285187758e-01  
 10      10      10      10      10       0       0       0       1        4.7454448956704993e-03  
 10      10      10      10      10       0       0       0       2        6.0171819694818498e-03  
 10      10      10      10      10       0       0       0       3       -2.8630641429452600e-03  
 10      10      10      10      10       0       0       0       4        1.7639038396031845e-03  
 10      10      10      10      10       0       0       0       5       -7.5731780661905954e-03  
 10      10      10      10      10       0       0       0       6        1.4495087899017343e-02  
 10      10      10      10      10       0       0       0       7        2.4180151868309631e-05  
 10      10      10      10      10       0       0       0       8        2.3356402882086856e-03  
 10      10      10      10      10       0       0       0       9       -4.3949747439439380e-03  
 10      10      10      10      10       0       0       0      10       -4.8725815660665195e-02  
 10      10      10      10      10       0       0       0      11        7.2839098587510302e-03  
 10      10      10      10      10       0       0       0      12        1.0200626693742337e-02  
 10      10      10      10      10       0       0       0      13       -1.3312607268643648e-03  
 10      10      10      10      10       0       0       0      14        3.0381236746288053e-03  
 10      10      10      10      10       0       0       0      15        6.1681641840671203e-03  
 10      10      10      10      10       0       0       0      16        9.2934396028942490e-03  
 10      10      10      10      10       0       0       0      17        7.0484571293271975e-03  
 10      10      10      10      10       0       0       0      18        1.5085816901479361e-03  
 10      10      10      10      10       0       0       0      19       -7.2285528171810469e-04  
 10      10      10      10      10       0       0       0      20       -2.6391033430052092e-03  
 10      10      10      10      10       0       0       0      21        3.1640046508559787e-03  
 10      10      10      10      10       0       0       0      22        2.9116492418860863e-03  
 10      10      10      10      10       0       0       0      23       -2.4981586757341987e-05  
 10      10      10      10      10       0       0       0      24       -3.4096074631570590e-03  
 10      10      10      10      10       0       0       0      25        2.1644553797888289e-03  
 10      10      10      10      10       0       0       0      26       -2.4669011503434276e-06  
 10      10      10      10      10       0       0       0      27       -2.8703117917647605e-03  
 10      10      10      10      10       0       0       0      28        2.2394105468716448e-06  
 10      10      10      10      10       0       0       0      29       -2.0198868255367097e-02  
 10      10      10      10      10       0       0       0      30       -3.3430005224766085e-03  
 10      10      10      10      10       0       0       0      31       -1.1106868497532093e-03  
 10      10      10      10      10       0       0       0      32       -3.5450291041882387e-03  
 10      10      10      10      10       0       0       0      33        1.0082644211294352e-02  
 10      10      10      10      10       0       0       0      34       -6.5693145024533521e-03  
 10      10      10      10      10       0       0       0      35       -1.4057820249521052e-03  
 10      10      10      10      10       0       0       0      36       -1.2985766842895439e-03  
 10      10      10      10      10       0       0       0      37       -2.0241355081150443e-02  
 10      10      10      10      10       0       0       0      38       -2.2593304319844004e-03  
 10      10      10      10      10       0       0       0      39        5.3581870122014017e-03  
 10      10      10      10      10       0       0       0      40       -2.2753689198842563e-03  
 15      15      15      15      15       0       0       0       0       -1.1295696414281932e-01  
 15      15      15      15      15       0       0       0       1       -8.2847370221973797e-03  
 15      15      15      15      15       0       0       0       2       -1.0492145213341327e-02  
 15      15      15      15      15       0       0       0       3        4.7838961639992369e-04  
 15      15      15      15      15       0       0       0       4        6.1448142755460957e-03  
 15      15      15      15      15       0       0       0       5        7.1693053546049001e-03  
 15      15      15      15      15       0       0       0       6       -1.0175337681646721e-02  
 15      15      15      15      15       0       0       0       7        6.6264713985051604e-03  
 15      15      15      15      15       0       0       0       8        1.9112874553554521e-03  
 15      15      15      15      15       0       0       0       9       -2.0669607146192965e-03  
 15      15      15      15      15       0       0       0      10        2.9119174738125044e-03  
 15      15      15      15      15       0       0       0      11       -5.5700547179795175e-03  
 15      15      15      15      15       0       0       0      12       -1.8385290358805507e-03  
 15      15      15      15      15       0       0       0      13        3.0536816293251783e-03  
 15      15      15      15      15       0       0       0      14       -3.0779575147476691e-03  
 15      15      15      15      15       0       0       0      15        1.4340765445632017e-03  
 15      15      15      15      15       0       0       0      16       -2.5316364966318471e-03  
 15      15      15      15      15       0       0       0      17       -4.2789298130674744e-03  
 15      15      15      15      15       0       0       0      18       -3.4916984442429202e-04  
 15      15      15      15      15       0       0       0      19       -1.8052948946562163e-03  
 15      15      15      15      15       0       0       0      20        4.8685484934841670e-03  
 15      15      15      15      15       0       0       0      21        4.0015290687443802e-03  
 15      15      15      15      15       0       0       0      22       -8.0663567002508939e-03  
 15      15      15      15      15       0       0       0      23        2.7489459792162636e-04  
 15      15      15      15      15       0       0       0      24        5.2591271890900220e-03  
 15      15      15      15      15       0       0       0      25        7.9074409607587277e-03  
 15      15      15      15      15       0       0       0      26       -3.3735408558918125e-04  
 15      15      15      15      15       0       0       0      27        9.2541927740481366e-04  
 15      15      15      15      15       0       0       0      28       -7.4810166453182746e-03  
 15      15      15      15      15       0       0       0      29        5.8605351946793981e-04  
 15      15      15      15      15       0       0       0      30        3.8012242121756154e-03  
 15      15      15      15      15       0       0       0      31        1.1387582719777187e-03  
 15      15      15      15      15       0       0       0      32        2.0543353379709165e-03  
 15      15      15      15      15       0       0       0      33        1.0316461691581505e-04  
 15      15      15      15      15       0       0       0      34        1.4399227738040833e-03  
 15      15      15      15      15       0       0       0      35       -1.8143269295557104e-03  
 15      15      15      15      15       0       0       0      36        3.3993719930200646e-03  
 15      15      15      15      15       0       0       0      37       -5.2175717844194294e-03  
 15      15      15      15      15       0       0       0      38        2.4056846820043601e-03  
 15      15      15      15      15       0       0       0      39        1.8791644174501639e-03  
 15      15      15      15      15       0       0       0      40        4.9147066236791244e-03  
  9       9       9       9       9       9       0       0       0        1.4785953978181554e-02  
  9       9       9       9       9       9       0       0       1       -7.1919188629100900e-04  
  9       9       9       9       9       9       0       0       2        8.6884927790854618e-05  
  9       9       9       9       9       9       0       0       3        9.4540539880400107e-04  
  9       9       9       9       9       9       0       0       4       -1.2890415921300096e-03  
  9       9       9       9       9       9       0       0       5       -1.9619034551252947e-03  
  9       9       9       9       9       9       0       0       6       -1.0637747750319752e-03  
  9       9       9       9       9       9       0       0       7       -1.2096138702674958e-04  
  9       9       9       9       9       9       0       0       8        7.7922264960743927e-03  
  9       9       9       9       9       9       0       0       9       -9.6198497130378516e-04  
  9       9       9       9       9       9       0       0      10       -9.4489115389001857e-04  
  9       9       9       9       9       9       0       0      11        5.9380296606884975e-04  
  9       9       9       9       9       9       0       0      12       -4.4802445905551833e-03  
  9       9       9       9       9       9       0       0      13       -8.4190960517349818e-04  
  9       9       9       9       9       9       0       0      14       -1.7346198506542586e-03  
  9       9       9       9       9       9       0       0      15       -7.6106835459287595e-04  
  9       9       9       9       9       9       0       0      16       -7.9246926153012727e-04  
  9       9       9       9       9       9       0       0      17        7.4104332652472538e-04  
  9       9       9       9       9       9       0       0      18        9.3152534043806131e-04  
  9       9       9       9       9       9       0       0      19        2.5873541871304943e-03  
  9       9       9       9       9       9       0       0      20        1.6193600270599448e-04  
  9       9       9       9       9       9       0       0      21        7.5305559011537061e-04  
  9       9       9       9       9       9       0       0      22       -2.6911076048256621e-03  
  9       9       9       9       9       9       0       0      23        8.7363415663924832e-04  
  9       9       9       9       9       9       0       0      24       -3.7237923612191048e-04  
  9       9       9       9       9       9       0       0      25        0.0000000000000000e+00  
  9       9       9       9       9       9       0       0      26        0.0000000000000000e+00  
  9       9       9       9       9       9       0       0      27        0.0000000000000000e+00  
  9       9       9       9       9       9       0       0      28        0.0000000000000000e+00  
  9       9       9       9       9       9       0       0      29        0.0000000000000000e+00  
  9       9       9       9       9       9       0       0      30        0.0000000000000000e+00  
  9       9       9       9       9       9       0       0      31        0.0000000000000000e+00  
  9       9       9       9       9       9       0       0      32        0.0000000000000000e+00  
  9       9       9       9       9       9       0       0      33        0.0000000000000000e+00  
  9       9       9       9       9       9       0       0      34        0.0000000000000000e+00  
  9       9       9       9       9       9       0       0      35        0.0000000000000000e+00  
  9       9       9       9       9       9       0       0      36        0.0000000000000000e+00  
  9       9       9       9       9       9       0       0      37        0.0000000000000000e+00  
  9       9       9       9       9       9       0       0      38        0.0000000000000000e+00  
  9       9       9       9       9       9       0       0      39        0.0000000000000000e+00  
  9       9       9       9       9       9       0       0      40        0.0000000000000000e+00  
 10      10      10      10      10      10       0       0       0        9.8890693838415873e-03  
 10      10      10      10      10      10       0       0       1       -7.8039527017187079e-04  
 10      10      10      10      10      10       0       0       2        2.3107614768361911e-04  
 10      10      10      10      10      10       0       0       3        5.1468694134567316e-04  
 10      10      10      10      10      10       0       0       4        7.2422274048427145e-06  
 10      10      10      10      10      10       0       0       5        1.7906585558871010e-03  
 10      10      10      10      10      10       0       0       6       -1.5997092566068232e-03  
 10      10      10      10      10      10       0       0       7       -1.4735163269989178e-03  
 10      10      10      10      10      10       0       0       8       -1.9569450409360350e-04  
 10      10      10      10      10      10       0       0       9       -1.1841385804149485e-04  
 10      10      10      10      10      10       0       0      10        2.3943346994792767e-03  
 10      10      10      10      10      10       0       0      11       -1.5236639877852713e-03  
 10      10      10      10      10      10       0       0      12        1.1495429602713810e-04  
 10      10      10      10      10      10       0       0      13        2.6844415458538210e-04  
 10      10      10      10      10      10       0       0      14        4.0043000471182697e-04  
 10      10      10      10      10      10       0       0      15       -6.4802679382254741e-04  
 10      10      10      10      10      10       0       0      16       -1.6241655986964929e-03  
 10      10      10      10      10      10       0       0      17       -1.6316384224061762e-03  
 10      10      10      10      10      10       0       0      18       -2.5140356097261404e-04  
 10      10      10      10      10      10       0       0      19       -9.2422080389471892e-04  
 10      10      10      10      10      10       0       0      20       -7.0770093232170846e-05  
 10      10      10      10      10      10       0       0      21       -9.3889177716066264e-05  
 10      10      10      10      10      10       0       0      22        8.5561840553471837e-04  
 10      10      10      10      10      10       0       0      23       -4.7247953540057765e-04  
 10      10      10      10      10      10       0       0      24        1.4739601132278420e-04  
 10      10      10      10      10      10       0       0      25        7.1935590739273614e-05  
 10      10      10      10      10      10       0       0      26        5.3491021825227832e-04  
 10      10      10      10      10      10       0       0      27        8.0515696520984045e-04  
 10      10      10      10      10      10       0       0      28        8.5492913896799492e-05  
 10      10      10      10      10      10       0       0      29        1.1577426940927095e-03  
 10      10      10      10      10      10       0       0      30        4.1605048200689095e-04  
 10      10      10      10      10      10       0       0      31        3.0941205318094778e-04  
 10      10      10      10      10      10       0       0      32        2.1703950287725232e-04  
 10      10      10      10      10      10       0       0      33       -1.0985108528840648e-03  
 10      10      10      10      10      10       0       0      34        1.0481974308285235e-03  
 10      10      10      10      10      10       0       0      35        1.1572691982501438e-03  
 10      10      10      10      10      10       0       0      36        1.4866741336388002e-04  
 10      10      10      10      10      10       0       0      37        9.1719393639483771e-04  
 10      10      10      10      10      10       0       0      38        2.6050803786086164e-04  
 10      10      10      10      10      10       0       0      39       -1.1551645344250472e-03  
 10      10      10      10      10      10       0       0      40       -2.0908986571601381e-05  
 15      15      15      15      15      15       0       0       0       -6.8579471307658154e-03  
 15      15      15      15      15      15       0       0       1        9.8023965668910971e-04  
 15      15      15      15      15      15       0       0       2        2.5462863178581027e-03  
 15      15      15      15      15      15       0       0       3       -3.1520952503528037e-03  
 15      15      15      15      15      15       0       0       4        1.5729433878330851e-03  
 15      15      15      15      15      15       0       0       5       -6.5638122859420049e-03  
 15      15      15      15      15      15       0       0       6        4.1498448584974708e-03  
 15      15      15      15      15      15       0       0       7        5.3183966492845259e-03  
 15      15      15      15      15      15       0       0       8       -5.6930106794641777e-03  
 15      15      15      15      15      15       0       0       9        1.2306067555182616e-03  
 15      15      15      15      15      15       0       0      10       -1.5994186819274568e-03  
 15      15      15      15      15      15       0       0      11        2.5755162423217563e-03  
 15      15      15      15      15      15       0       0      12        4.5199621518827102e-03  
 15      15      15      15      15      15       0       0      13       -4.6963398568210853e-03  
 15      15      15      15      15      15       0       0      14       -2.2502503213676544e-03  
 15      15      15      15      15      15       0       0      15       -1.4991253189738194e-03  
 15      15      15      15      15      15       0       0      16        1.7144243071788537e-03  
 15      15      15      15      15      15       0       0      17        6.4995866521750352e-03  
 15      15      15      15      15      15       0       0      18       -3.9100639559707922e-03  
 15      15      15      15      15      15       0       0      19       -5.7171418723772740e-03  
 15      15      15      15      15      15       0       0      20       -1.7997172982153269e-03  
 15      15      15      15      15      15       0       0      21        3.6831421370180155e-04  
 15      15      15      15      15      15       0       0      22        3.5544260131691778e-03  
 15      15      15      15      15      15       0       0      23       -2.8166517903728369e-03  
 15      15      15      15      15      15       0       0      24       -4.4982133591874186e-03  
 15      15      15      15      15      15       0       0      25       -6.3345857650982788e-04  
 15      15      15      15      15      15       0       0      26        6.3635462796041492e-03  
 15      15      15      15      15      15       0       0      27       -4.8324684418741089e-04  
 15      15      15      15      15      15       0       0      28       -4.4229754781252123e-04  
 15      15      15      15      15      15       0       0      29        6.5634032369747176e-04  
 15      15      15      15      15      15       0       0      30        3.8810772110120426e-03  
 15      15      15      15      15      15       0       0      31       -7.0960940723224211e-04  
 15      15      15      15      15      15       0       0      32       -1.5604036157383474e-03  
 15      15      15      15      15      15       0       0      33        1.3341663870187251e-03  
 15      15      15      15      15      15       0       0      34        6.5880895373202964e-04  
 15      15      15      15      15      15       0       0      35       -9.8544049412057906e-04  
 15      15      15      15      15      15       0       0      36       -6.7010041351462594e-04  
 15      15      15      15      15      15       0       0      37        1.6645335271475094e-03  
 15      15      15      15      15      15       0       0      38       -3.7169065774720462e-03  
 15      15      15      15      15      15       0       0      39       -1.5821810002171093e-03  
 15      15      15      15      15      15       0       0      40        4.8311390429280597e-04  
  9       9       9       9       9       9       9       0       0       -5.0679344590821396e-04  
  9       9       9       9       9       9       9       0       1        4.0237826593425476e-05  
  9       9       9       9       9       9       9       0       2        1.3000039121583656e-05  
  9       9       9       9       9       9       9       0       3        4.3894670140478039e-05  
  9       9       9       9       9       9       9       0       4       -7.3182658792955889e-05  
  9       9       9       9       9       9       9       0       5       -1.6188611261434057e-04  
  9       9       9       9       9       9       9       0       6       -1.1141281181339783e-04  
  9       9       9       9       9       9       9       0       7       -1.1848856321073975e-04  
  9       9       9       9       9       9       9       0       8       -2.1802481379465898e-04  
  9       9       9       9       9       9       9       0       9        1.4199215042118312e-04  
  9       9       9       9       9       9       9       0      10        7.2724941821634709e-05  
  9       9       9       9       9       9       9       0      11        2.8830038342754210e-05  
  9       9       9       9       9       9       9       0      12        1.7740436125669821e-04  
  9       9       9       9       9       9       9       0      13       -1.1126091321771426e-04  
  9       9       9       9       9       9       9       0      14       -2.4783353053611377e-05  
  9       9       9       9       9       9       9       0      15        1.3782650575412933e-05  
  9       9       9       9       9       9       9       0      16        1.3032120891404043e-05  
  9       9       9       9       9       9       9       0      17        6.0486799556490186e-05  
  9       9       9       9       9       9       9       0      18        3.0797705845837572e-05  
  9       9       9       9       9       9       9       0      19        1.1311035757313060e-04  
  9       9       9       9       9       9       9       0      20        3.0011895918218612e-05  
  9       9       9       9       9       9       9       0      21       -3.0123248628528721e-05  
  9       9       9       9       9       9       9       0      22       -8.0175667138212103e-05  
  9       9       9       9       9       9       9       0      23       -2.9789033243243448e-06  
  9       9       9       9       9       9       9       0      24        1.2281685557977517e-04  
  9       9       9       9       9       9       9       0      25        0.0000000000000000e+00  
  9       9       9       9       9       9       9       0      26        0.0000000000000000e+00  
  9       9       9       9       9       9       9       0      27        0.0000000000000000e+00  
  9       9       9       9       9       9       9       0      28        0.0000000000000000e+00  
  9       9       9       9       9       9       9       0      29        0.0000000000000000e+00  
  9       9       9       9       9       9       9       0      30        0.0000000000000000e+00  
  9       9       9       9       9       9       9       0      31        0.0000000000000000e+00  
  9       9       9       9       9       9       9       0      32        0.0000000000000000e+00  
  9       9       9       9       9       9       9       0      33        0.0000000000000000e+00  
  9       9       9       9       9       9       9       0      34        0.0000000000000000e+00  
  9       9       9       9       9       9       9       0      35        0.0000000000000000e+00  
  9       9       9       9       9       9       9       0      36        0.0000000000000000e+00  
  9       9       9       9       9       9       9       0      37        0.0000000000000000e+00  
  9       9       9       9       9       9       9       0      38        0.0000000000000000e+00  
  9       9       9       9       9       9       9       0      39        0.0000000000000000e+00  
  9       9       9       9       9       9       9       0      40        0.0000000000000000e+00  
 10      10      10      10      10      10      10       0       0       -1.1380247489585310e-04  
 10      10      10      10      10      10      10       0       1        2.2201631315129551e-07  
 10      10      10      10      10      10      10       0       2        1.0646229274519845e-05  
 10      10      10      10      10      10      10       0       3        3.8998324315526401e-05  
 10      10      10      10      10      10      10       0       4       -2.2337298952421683e-05  
 10      10      10      10      10      10      10       0       5       -1.6107062469659762e-04  
 10      10      10      10      10      10      10       0       6       -7.4272129180341266e-05  
 10      10      10      10      10      10      10       0       7       -8.2312299054260136e-05  
 10      10      10      10      10      10      10       0       8       -7.7670966964112276e-05  
 10      10      10      10      10      10      10       0       9        2.0679034617245380e-05  
 10      10      10      10      10      10      10       0      10       -8.2795534497252335e-05  
 10      10      10      10      10      10      10       0      11        2.8458419452935358e-05  
 10      10      10      10      10      10      10       0      12        3.7722435345613673e-05  
 10      10      10      10      10      10      10       0      13        2.7812691342406260e-05  
 10      10      10      10      10      10      10       0      14       -2.5423684905147347e-05  
 10      10      10      10      10      10      10       0      15        6.5510285946284081e-05  
 10      10      10      10      10      10      10       0      16       -5.5260981351907481e-05  
 10      10      10      10      10      10      10       0      17       -9.2775800397621952e-05  
 10      10      10      10      10      10      10       0      18        1.3128516834032781e-05  
 10      10      10      10      10      10      10       0      19       -5.0739830961534963e-05  
 10      10      10      10      10      10      10       0      20       -4.6926669711028676e-05  
 10      10      10      10      10      10      10       0      21        4.1989294094725936e-05  
 10      10      10      10      10      10      10       0      22        7.6811177587231169e-05  
 10      10      10      10      10      10      10       0      23       -6.2672377680233576e-05  
 10      10      10      10      10      10      10       0      24        3.7303099569636551e-05  
 10      10      10      10      10      10      10       0      25       -5.4329285432729713e-05  
 10      10      10      10      10      10      10       0      26        2.6801300738712081e-05  
 10      10      10      10      10      10      10       0      27        3.9389440849528092e-05  
 10      10      10      10      10      10      10       0      28       -2.0562718764009781e-05  
 10      10      10      10      10      10      10       0      29        1.4996101060169890e-04  
 10      10      10      10      10      10      10       0      30       -3.1787182420070029e-05  
 10      10      10      10      10      10      10       0      31       -4.9383997923407901e-05  
 10      10      10      10      10      10      10       0      32        2.1094159583794518e-05  
 10      10      10      10      10      10      10       0      33       -1.7025155913600568e-04  
 10      10      10      10      10      10      10       0      34        6.3501525946360317e-05  
 10      10      10      10      10      10      10       0      35        9.5310401969842375e-05  
 10      10      10      10      10      10      10       0      36       -3.7145325591007667e-06  
 10      10      10      10      10      10      10       0      37        2.2888834088369755e-04  
 10      10      10      10      10      10      10       0      38       -2.0870228570970245e-05  
 10      10      10      10      10      10      10       0      39       -1.0609340011611270e-04  
 10      10      10      10      10      10      10       0      40        2.4483905090068410e-05  
 15      15      15      15      15      15      15       0       0       -2.1136757618176079e-03  
 15      15      15      15      15      15      15       0       1        5.0858306721506159e-04  
 15      15      15      15      15      15      15       0       2        5.8520301004621881e-04  
 15      15      15      15      15      15      15       0       3        2.5769958373770391e-04  
 15      15      15      15      15      15      15       0       4       -2.2912602620014924e-04  
 15      15      15      15      15      15      15       0       5        2.5964228389204879e-04  
 15      15      15      15      15      15      15       0       6        5.0402148844515790e-05  
 15      15      15      15      15      15      15       0       7       -1.0129223035022850e-03  
 15      15      15      15      15      15      15       0       8        3.7860300906369156e-04  
 15      15      15      15      15      15      15       0       9        2.1087606389202994e-04  
 15      15      15      15      15      15      15       0      10        3.5311122854137651e-05  
 15      15      15      15      15      15      15       0      11       -9.3290349339443654e-05  
 15      15      15      15      15      15      15       0      12       -6.8041170175900075e-04  
 15      15      15      15      15      15      15       0      13        3.1500902977072955e-04  
 15      15      15      15      15      15      15       0      14        3.2481721338707106e-04  
 15      15      15      15      15      15      15       0      15        6.6740637029711141e-05  
 15      15      15      15      15      15      15       0      16       -4.9560278267739282e-05  
 15      15      15      15      15      15      15       0      17       -5.1217024027193077e-04  
 15      15      15      15      15      15      15       0      18        2.8978579249622189e-04  
 15      15      15      15      15      15      15       0      19        2.4553971212937031e-04  
 15      15      15      15      15      15      15       0      20       -2.5942690919227061e-06  
 15      15      15      15      15      15      15       0      21       -1.9059979399826710e-04  
 15      15      15      15      15      15      15       0      22       -7.2396788604777931e-05  
 15      15      15      15      15      15      15       0      23        3.0225826810302569e-04  
 15      15      15      15      15      15      15       0      24        5.7988526506364061e-05  
 15      15      15      15      15      15      15       0      25       -3.5684770562723306e-04  
 15      15      15      15      15      15      15       0      26       -9.7673713923388645e-04  
 15      15      15      15      15      15      15       0      27       -2.6381137240569299e-05  
 15      15      15      15      15      15      15       0      28        2.2460491268572625e-04  
 15      15      15      15      15      15      15       0      29       -1.0207577509979026e-05  
 15      15      15      15      15      15      15       0      30       -3.0867619551310795e-04  
 15      15      15      15      15      15      15       0      31       -2.7181594336674432e-05  
 15      15      15      15      15      15      15       0      32       -1.1521617457491045e-04  
 15      15      15      15      15      15      15       0      33       -1.8780008700939457e-04  
 15      15      15      15      15      15      15       0      34       -9.5644837717275954e-05  
 15      15      15      15      15      15      15       0      35        7.2726839220014860e-05  
 15      15      15      15      15      15      15       0      36       -1.3485754497510722e-04  
 15      15      15      15      15      15      15       0      37        3.7731782298278195e-05  
 15      15      15      15      15      15      15       0      38        1.8298347707682992e-04  
 15      15      15      15      15      15      15       0      39        4.8125005874064823e-05  
 15      15      15      15      15      15      15       0      40       -1.9685258471146660e-04  
  9       9       9       9       9       9       9       9       0       -3.5540490513824387e-06  
  9       9       9       9       9       9       9       9       1       -1.5921613098136858e-06  
  9       9       9       9       9       9       9       9       2       -4.5157394833779700e-05  
  9       9       9       9       9       9       9       9       3       -2.1123611284886703e-05  
  9       9       9       9       9       9       9       9       4        1.5902049062483691e-05  
  9       9       9       9       9       9       9       9       5        3.4948174485325228e-05  
  9       9       9       9       9       9       9       9       6        9.6786515477003223e-05  
  9       9       9       9       9       9       9       9       7        2.6268805236449371e-05  
  9       9       9       9       9       9       9       9       8       -1.7681813214819268e-05  
  9       9       9       9       9       9       9       9       9       -1.3826582314986559e-05  
  9       9       9       9       9       9       9       9      10       -6.7301902342366840e-05  
  9       9       9       9       9       9       9       9      11       -1.8398495586720457e-05  
  9       9       9       9       9       9       9       9      12        2.3010078930718046e-05  
  9       9       9       9       9       9       9       9      13        2.0485547451399451e-05  
  9       9       9       9       9       9       9       9      14        5.8468683800230282e-05  
  9       9       9       9       9       9       9       9      15        1.0278358306163110e-05  
  9       9       9       9       9       9       9       9      16       -8.2684943960900795e-06  
  9       9       9       9       9       9       9       9      17       -1.2106951418753183e-05  
  9       9       9       9       9       9       9       9      18       -1.4508646067644005e-05  
  9       9       9       9       9       9       9       9      19       -8.0708226442573687e-06  
  9       9       9       9       9       9       9       9      20       -8.9259691890358571e-06  
  9       9       9       9       9       9       9       9      21       -8.6146503620634140e-07  
  9       9       9       9       9       9       9       9      22        6.8617599581687627e-06  
  9       9       9       9       9       9       9       9      23       -3.0981747414874446e-06  
  9       9       9       9       9       9       9       9      24       -2.1015309297753572e-05  
  9       9       9       9       9       9       9       9      25        0.0000000000000000e+00  
  9       9       9       9       9       9       9       9      26        0.0000000000000000e+00  
  9       9       9       9       9       9       9       9      27        0.0000000000000000e+00  
  9       9       9       9       9       9       9       9      28        0.0000000000000000e+00  
  9       9       9       9       9       9       9       9      29        0.0000000000000000e+00  
  9       9       9       9       9       9       9       9      30        0.0000000000000000e+00  
  9       9       9       9       9       9       9       9      31        0.0000000000000000e+00  
  9       9       9       9       9       9       9       9      32        0.0000000000000000e+00  
  9       9       9       9       9       9       9       9      33        0.0000000000000000e+00  
  9       9       9       9       9       9       9       9      34        0.0000000000000000e+00  
  9       9       9       9       9       9       9       9      35        0.0000000000000000e+00  
  9       9       9       9       9       9       9       9      36        0.0000000000000000e+00  
  9       9       9       9       9       9       9       9      37        0.0000000000000000e+00  
  9       9       9       9       9       9       9       9      38        0.0000000000000000e+00  
  9       9       9       9       9       9       9       9      39        0.0000000000000000e+00  
  9       9       9       9       9       9       9       9      40        0.0000000000000000e+00  
 10      10      10      10      10      10      10      10       0       -6.9866625247039652e-06  
 10      10      10      10      10      10      10      10       1        5.3018779828752086e-06  
 10      10      10      10      10      10      10      10       2       -1.9693173546298361e-05  
 10      10      10      10      10      10      10      10       3       -1.3609413127155752e-05  
 10      10      10      10      10      10      10      10       4       -1.5150234560180501e-06  
 10      10      10      10      10      10      10      10       5       -2.4421006483454816e-06  
 10      10      10      10      10      10      10      10       6        1.4901976328613259e-05  
 10      10      10      10      10      10      10      10       7        4.7927447415476674e-05  
 10      10      10      10      10      10      10      10       8        1.5934107118028979e-05  
 10      10      10      10      10      10      10      10       9        7.8995368022140179e-06  
 10      10      10      10      10      10      10      10      10        1.2732377430398732e-05  
 10      10      10      10      10      10      10      10      11        5.6570243969056885e-06  
 10      10      10      10      10      10      10      10      12       -3.4128606489244008e-05  
 10      10      10      10      10      10      10      10      13       -8.8157051341534302e-06  
 10      10      10      10      10      10      10      10      14       -1.1885558313518106e-05  
 10      10      10      10      10      10      10      10      15       -3.9595151919093073e-06  
 10      10      10      10      10      10      10      10      16        2.6102646129113976e-05  
 10      10      10      10      10      10      10      10      17        4.4623455204691489e-05  
 10      10      10      10      10      10      10      10      18       -4.5789429804743867e-06  
 10      10      10      10      10      10      10      10      19        2.9185508410802935e-05  
 10      10      10      10      10      10      10      10      20        1.0130939048760236e-05  
 10      10      10      10      10      10      10      10      21       -1.7198923337899771e-05  
 10      10      10      10      10      10      10      10      22       -3.6672482269153592e-05  
 10      10      10      10      10      10      10      10      23        2.3744334280631718e-05  
 10      10      10      10      10      10      10      10      24       -1.6823454638615554e-05  
 10      10      10      10      10      10      10      10      25        1.0723066172786401e-05  
 10      10      10      10      10      10      10      10      26       -1.4850288372574973e-05  
 10      10      10      10      10      10      10      10      27       -1.9153676431562213e-05  
 10      10      10      10      10      10      10      10      28        1.7627043445819590e-06  
 10      10      10      10      10      10      10      10      29       -2.9442708245953059e-05  
 10      10      10      10      10      10      10      10      30        1.2028655673073855e-05  
 10      10      10      10      10      10      10      10      31        1.6891692970010199e-05  
 10      10      10      10      10      10      10      10      32       -4.1876241556423686e-06  
 10      10      10      10      10      10      10      10      33        4.2279750510714732e-05  
 10      10      10      10      10      10      10      10      34       -2.9380457874682586e-05  
 10      10      10      10      10      10      10      10      35       -4.2835613918044851e-05  
 10      10      10      10      10      10      10      10      36       -4.4506158476025920e-07  
 10      10      10      10      10      10      10      10      37       -3.9276814837848164e-05  
 10      10      10      10      10      10      10      10      38        1.2740758990848652e-05  
 10      10      10      10      10      10      10      10      39        4.6778549597801668e-05  
 10      10      10      10      10      10      10      10      40       -1.3991370970925630e-06  
 15      15      15      15      15      15      15      15       0        6.0297864970258329e-04  
 15      15      15      15      15      15      15      15       1       -5.7115283891670451e-05  
 15      15      15      15      15      15      15      15       2       -7.2439295828893366e-05  
 15      15      15      15      15      15      15      15       3        3.0335340785754088e-05  
 15      15      15      15      15      15      15      15       4       -2.8644875674252522e-06  
 15      15      15      15      15      15      15      15       5        7.8256289178020469e-05  
 15      15      15      15      15      15      15      15       6       -7.4974812370908137e-05  
 15      15      15      15      15      15      15      15       7        2.8304077508583535e-06  
 15      15      15      15      15      15      15      15       8        6.4767853218953428e-05  
 15      15      15      15      15      15      15      15       9       -4.8642297557195354e-05  
 15      15      15      15      15      15      15      15      10        2.5765609893352951e-05  
 15      15      15      15      15      15      15      15      11       -2.4282805376332494e-05  
 15      15      15      15      15      15      15      15      12       -9.1262171143829402e-06  
 15      15      15      15      15      15      15      15      13        4.3848734070481380e-05  
 15      15      15      15      15      15      15      15      14       -3.7434550796097820e-06  
 15      15      15      15      15      15      15      15      15        1.4639674186781728e-05  
 15      15      15      15      15      15      15      15      16       -1.9040101786562645e-05  
 15      15      15      15      15      15      15      15      17       -4.6155339514192836e-05  
 15      15      15      15      15      15      15      15      18        3.9168827612527252e-05  
 15      15      15      15      15      15      15      15      19        8.0791518689676516e-05  
 15      15      15      15      15      15      15      15      20        2.2194906123923925e-05  
 15      15      15      15      15      15      15      15      21       -1.0512861594470522e-06  
 15      15      15      15      15      15      15      15      22       -3.8895107486548328e-05  
 15      15      15      15      15      15      15      15      23        1.7482798582571215e-05  
 15      15      15      15      15      15      15      15      24        6.3337317547498652e-05  
 15      15      15      15      15      15      15      15      25        3.8126260168523654e-05  
 15      15      15      15      15      15      15      15      26        2.7049368539406465e-06  
 15      15      15      15      15      15      15      15      27        1.3612980361732876e-05  
 15      15      15      15      15      15      15      15      28       -1.7434088696001532e-05  
 15      15      15      15      15      15      15      15      29       -9.0307741522858146e-06  
 15      15      15      15      15      15      15      15      30       -4.0501914820248733e-05  
 15      15      15      15      15      15      15      15      31        1.9029400289455554e-05  
 15      15      15      15      15      15      15      15      32        4.3261500249800776e-05  
 15      15      15      15      15      15      15      15      33       -1.0554031844752305e-05  
 15      15      15      15      15      15      15      15      34       -2.7596179896831523e-05  
 15      15      15      15      15      15      15      15      35        1.9202468738416937e-05  
 15      15      15      15      15      15      15      15      36        1.9284886869972735e-05  
 15      15      15      15      15      15      15      15      37       -2.1511875317099972e-05  
 15      15      15      15      15      15      15      15      38        3.7478175241576583e-05  
 15      15      15      15      15      15      15      15      39        1.8358322472364844e-05  
 15      15      15      15      15      15      15      15      40        8.0300981101057408e-06  
