12
  9       9       9       9       9       0       0       0       0       -2.0113023036257219e-01  
  9       9       9       9       9       0       0       0       1       -4.5543474320550496e-02  
  9       9       9       9       9       0       0       0       2       -6.1675519179895458e-02  
  9       9       9       9       9       0       0       0       3       -2.2361369108244249e-02  
  9       9       9       9       9       0       0       0       4       -1.1710097333246672e-02  
  9       9       9       9       9       0       0       0       5       -3.3263406291477219e-03  
  9       9       9       9       9       0       0       0       6       -8.9792692970317570e-02  
  9       9       9       9       9       0       0       0       7       -5.2722690511315361e-02  
  9       9       9       9       9       0       0       0       8       -5.1317085381646907e-02  
  9       9       9       9       9       0       0       0       9       -2.6534379282710688e-02  
  9       9       9       9       9       0       0       0      10       -1.6405484629935699e-02  
  9       9       9       9       9       0       0       0      11       -6.0982279516100879e-03  
  9       9       9       9       9       0       0       0      12       -7.0697853172462966e-02  
  9       9       9       9       9       0       0       0      13       -4.4302378364126059e-02  
  9       9       9       9       9       0       0       0      14       -4.4794346743807778e-02  
  9       9       9       9       9       0       0       0      15       -2.2301773056190854e-02  
  9       9       9       9       9       0       0       0      16       -1.3475466445498184e-02  
  9       9       9       9       9       0       0       0      17       -5.3670708008951799e-03  
  9       9       9       9       9       0       0       0      18       -7.7658763214711421e-02  
  9       9       9       9       9       0       0       0      19       -3.8477068977308286e-02  
  9       9       9       9       9       0       0       0      20       -4.3468013078843550e-02  
  9       9       9       9       9       0       0       0      21       -2.6026601840375023e-02  
  9       9       9       9       9       0       0       0      22       -1.5554105029275770e-02  
  9       9       9       9       9       0       0       0      23       -7.2852529214457442e-03  
  9       9       9       9       9       0       0       0      24       -2.6436967616101155e-02  
  9       9       9       9       9       0       0       0      25       -1.7450135731992285e-02  
  9       9       9       9       9       0       0       0      26       -1.5619707132847617e-02  
  9       9       9       9       9       0       0       0      27       -1.2607254587746796e-02  
  9       9       9       9       9       0       0       0      28       -9.1847620203650143e-03  
  9       9       9       9       9       0       0       0      29       -6.6527945156127262e-03  
  9       9       9       9       9       0       0       0      30       -9.1744003154838345e-03  
  9       9       9       9       9       0       0       0      31       -1.1572934647631011e-02  
  9       9       9       9       9       0       0       0      32       -8.6346600315473469e-03  
  9       9       9       9       9       0       0       0      33       -8.2937194908458203e-03  
  9       9       9       9       9       0       0       0      34       -7.8140980244652183e-03  
  9       9       9       9       9       0       0       0      35       -6.5229218010128534e-03  
  9       9       9       9       9       0       0       0      36        1.1076354166472898e-02  
  9       9       9       9       9       0       0       0      37        1.5298549990878735e-02  
  9       9       9       9       9       0       0       0      38        8.4731023387621448e-03  
  9       9       9       9       9       0       0       0      39        7.3490728014715730e-03  
  9       9       9       9       9       0       0       0      40        5.1257919921112683e-03  
  9       9       9       9       9       0       0       0      41        1.5666201343630535e-02  
  9       9       9       9       9       0       0       0      42        2.0712009112316056e-02  
  9       9       9       9       9       0       0       0      43        1.2711262275590543e-02  
  9       9       9       9       9       0       0       0      44        1.1936669945177968e-02  
  9       9       9       9       9       0       0       0      45        8.5847254562531027e-03  
  9       9       9       9       9       0       0       0      46        2.4977414338531439e-02  
  9       9       9       9       9       0       0       0      47        3.0722264844552569e-02  
  9       9       9       9       9       0       0       0      48        2.5278660149097344e-02  
  9       9       9       9       9       0       0       0      49        1.9335283833590091e-02  
  9       9       9       9       9       0       0       0      50        1.2350806663592347e-02  
  9       9       9       9       9       0       0       0      51        1.0476085227031376e-02  
  9       9       9       9       9       0       0       0      52        1.5684466288051674e-02  
  9       9       9       9       9       0       0       0      53        1.5060207830593949e-02  
  9       9       9       9       9       0       0       0      54        1.4575760296019322e-02  
  9       9       9       9       9       0       0       0      55        1.0030316032749459e-02  
  9       9       9       9       9       0       0       0      56        7.5459851485930830e-03  
  9       9       9       9       9       0       0       0      57        1.2056895856994624e-02  
  9       9       9       9       9       0       0       0      58        1.2722544310843475e-02  
  9       9       9       9       9       0       0       0      59        1.1998914252638944e-02  
  9       9       9       9       9       0       0       0      60        8.1960484619534105e-03  
 10      10      10      10      10       0       0       0       0       -1.6430558954854835e-01  
 10      10      10      10      10       0       0       0       1       -8.4950490620234725e-03  
 10      10      10      10      10       0       0       0       2       -1.0160245940394459e-02  
 10      10      10      10      10       0       0       0       3       -1.6466052560187327e-03  
 10      10      10      10      10       0       0       0       4       -9.7533016767944699e-04  
 10      10      10      10      10       0       0       0       5        9.7909518117525528e-04  
 10      10      10      10      10       0       0       0       6       -5.3675236323866803e-02  
 10      10      10      10      10       0       0       0       7       -1.7954323574729023e-02  
 10      10      10      10      10       0       0       0       8       -1.9671410123273742e-02  
 10      10      10      10      10       0       0       0       9       -3.9968751650721942e-03  
 10      10      10      10      10       0       0       0      10       -1.6109860687384026e-03  
 10      10      10      10      10       0       0       0      11        1.6476315277387009e-03  
 10      10      10      10      10       0       0       0      12       -4.2166629246383092e-02  
 10      10      10      10      10       0       0       0      13       -1.4191981658629740e-02  
 10      10      10      10      10       0       0       0      14       -1.7698156580535803e-02  
 10      10      10      10      10       0       0       0      15       -5.6117324144193603e-03  
 10      10      10      10      10       0       0       0      16       -2.2028834005023115e-03  
 10      10      10      10      10       0       0       0      17        4.4009309489287954e-04  
 10      10      10      10      10       0       0       0      18       -4.9590873614401641e-02  
 10      10      10      10      10       0       0       0      19       -9.9081234581349410e-03  
 10      10      10      10      10       0       0       0      20       -1.1617156083960968e-02  
 10      10      10      10      10       0       0       0      21       -5.9971605346224154e-03  
 10      10      10      10      10       0       0       0      22       -2.1941971278291224e-03  
 10      10      10      10      10       0       0       0      23       -6.2680706447723253e-04  
 10      10      10      10      10       0       0       0      24       -2.1029663888012008e-02  
 10      10      10      10      10       0       0       0      25       -7.7204551880890116e-03  
 10      10      10      10      10       0       0       0      26       -7.5569586075661640e-03  
 10      10      10      10      10       0       0       0      27       -5.0597052126762666e-03  
 10      10      10      10      10       0       0       0      28       -2.8485601808881885e-03  
 10      10      10      10      10       0       0       0      29       -1.7447492671932127e-03  
 10      10      10      10      10       0       0       0      30       -8.0808474375308470e-03  
 10      10      10      10      10       0       0       0      31       -6.0534207582258965e-03  
 10      10      10      10      10       0       0       0      32       -4.0586424045292342e-03  
 10      10      10      10      10       0       0       0      33       -3.6132693872029595e-03  
 10      10      10      10      10       0       0       0      34       -2.7180104979490222e-03  
 10      10      10      10      10       0       0       0      35       -1.8815486004787577e-03  
 10      10      10      10      10       0       0       0      36        1.0283084657168260e-02  
 10      10      10      10      10       0       0       0      37        9.0022013143971538e-03  
 10      10      10      10      10       0       0       0      38        5.2532186173383519e-03  
 10      10      10      10      10       0       0       0      39        2.4504736346640694e-03  
 10      10      10      10      10       0       0       0      40        1.4463724047381037e-03  
 10      10      10      10      10       0       0       0      41        1.1885139866407180e-02  
 10      10      10      10      10       0       0       0      42        1.1166418561015457e-02  
 10      10      10      10      10       0       0       0      43        6.0982846174439526e-03  
 10      10      10      10      10       0       0       0      44        4.7332274757834704e-03  
 10      10      10      10      10       0       0       0      45        2.4079045033780586e-03  
 10      10      10      10      10       0       0       0      46        1.2882729778872780e-02  
 10      10      10      10      10       0       0       0      47        1.2779158025099165e-02  
 10      10      10      10      10       0       0       0      48        5.9252842370571060e-03  
 10      10      10      10      10       0       0       0      49        5.8596172981582768e-03  
 10      10      10      10      10       0       0       0      50        2.8023954594966396e-03  
 10      10      10      10      10       0       0       0      51        6.9971901338132508e-03  
 10      10      10      10      10       0       0       0      52        8.7599634619512073e-03  
 10      10      10      10      10       0       0       0      53        5.8787569027248833e-03  
 10      10      10      10      10       0       0       0      54        5.2848616785507929e-03  
 10      10      10      10      10       0       0       0      55        2.5650697883716402e-03  
 10      10      10      10      10       0       0       0      56        4.0840758045155275e-03  
 10      10      10      10      10       0       0       0      57        4.4264863273399393e-03  
 10      10      10      10      10       0       0       0      58        4.8336224137397197e-03  
 10      10      10      10      10       0       0       0      59        3.8345903858023598e-03  
 10      10      10      10      10       0       0       0      60        2.0132055475179764e-03  
  9       9       9       9       9       9       0       0       0        1.4897131247737455e-02  
  9       9       9       9       9       9       0       0       1        6.1214279359368068e-03  
  9       9       9       9       9       9       0       0       2        5.6309141406770185e-03  
  9       9       9       9       9       9       0       0       3        1.2888290351581416e-03  
  9       9       9       9       9       9       0       0       4       -4.6189767785780083e-04  
  9       9       9       9       9       9       0       0       5       -1.2888950108204465e-03  
  9       9       9       9       9       9       0       0       6        1.0211782603796756e-02  
  9       9       9       9       9       9       0       0       7        6.1676522688639043e-03  
  9       9       9       9       9       9       0       0       8        3.5241733754432813e-03  
  9       9       9       9       9       9       0       0       9        1.3185473506423101e-03  
  9       9       9       9       9       9       0       0      10       -1.1812736665315188e-03  
  9       9       9       9       9       9       0       0      11       -2.0352807190076360e-03  
  9       9       9       9       9       9       0       0      12        7.7047412872601724e-03  
  9       9       9       9       9       9       0       0      13        4.5869131225752613e-03  
  9       9       9       9       9       9       0       0      14        2.5002409530169170e-03  
  9       9       9       9       9       9       0       0      15        5.4834254889573144e-04  
  9       9       9       9       9       9       0       0      16       -1.2197815748076250e-03  
  9       9       9       9       9       9       0       0      17       -1.5171316662333462e-03  
  9       9       9       9       9       9       0       0      18        6.6524841476408676e-03  
  9       9       9       9       9       9       0       0      19        3.4714906920528033e-03  
  9       9       9       9       9       9       0       0      20        3.1985767123267747e-03  
  9       9       9       9       9       9       0       0      21        1.1848691393006956e-03  
  9       9       9       9       9       9       0       0      22       -2.0138800092952939e-04  
  9       9       9       9       9       9       0       0      23       -8.3999833199354073e-04  
  9       9       9       9       9       9       0       0      24        1.4554029381343527e-03  
  9       9       9       9       9       9       0       0      25        1.4711093668564787e-03  
  9       9       9       9       9       9       0       0      26        3.3799394812951524e-05  
  9       9       9       9       9       9       0       0      27       -3.2627340835763091e-06  
  9       9       9       9       9       9       0       0      28       -5.1547295489761790e-04  
  9       9       9       9       9       9       0       0      29       -5.0992070858773501e-04  
  9       9       9       9       9       9       0       0      30       -7.1001085308400715e-04  
  9       9       9       9       9       9       0       0      31        4.3967153496728146e-05  
  9       9       9       9       9       9       0       0      32       -1.9801387362387886e-04  
  9       9       9       9       9       9       0       0      33       -1.1307898047835797e-04  
  9       9       9       9       9       9       0       0      34       -2.6476349838354873e-04  
  9       9       9       9       9       9       0       0      35       -3.9711084409089532e-04  
  9       9       9       9       9       9       0       0      36       -1.0971269391277555e-03  
  9       9       9       9       9       9       0       0      37       -1.7529478326738330e-03  
  9       9       9       9       9       9       0       0      38       -1.3834083355805597e-03  
  9       9       9       9       9       9       0       0      39       -1.0647726187151226e-03  
  9       9       9       9       9       9       0       0      40       -3.0929792770995068e-04  
  9       9       9       9       9       9       0       0      41       -1.7456768053469892e-03  
  9       9       9       9       9       9       0       0      42       -2.3107084510252600e-03  
  9       9       9       9       9       9       0       0      43       -2.1005086324333995e-03  
  9       9       9       9       9       9       0       0      44       -1.4525937548283420e-03  
  9       9       9       9       9       9       0       0      45       -3.1933610122356824e-04  
  9       9       9       9       9       9       0       0      46       -2.9803994851648661e-03  
  9       9       9       9       9       9       0       0      47       -3.9812063922447039e-03  
  9       9       9       9       9       9       0       0      48       -3.4802928269523866e-03  
  9       9       9       9       9       9       0       0      49       -1.9702011567698388e-03  
  9       9       9       9       9       9       0       0      50       -1.3627090195424634e-04  
  9       9       9       9       9       9       0       0      51       -1.3122874798193458e-03  
  9       9       9       9       9       9       0       0      52       -1.8286753668652616e-03  
  9       9       9       9       9       9       0       0      53       -1.8844365397977193e-03  
  9       9       9       9       9       9       0       0      54       -9.2078014476058953e-04  
  9       9       9       9       9       9       0       0      55        1.7212067259965644e-04  
  9       9       9       9       9       9       0       0      56       -6.0350496632100904e-04  
  9       9       9       9       9       9       0       0      57       -8.4883154595979927e-04  
  9       9       9       9       9       9       0       0      58       -8.5236954831358568e-04  
  9       9       9       9       9       9       0       0      59       -5.6142598984720458e-05  
  9       9       9       9       9       9       0       0      60        5.9658757107538640e-04  
 10      10      10      10      10      10       0       0       0        9.9896635780579585e-03  
 10      10      10      10      10      10       0       0       1        2.6361417751137242e-04  
 10      10      10      10      10      10       0       0       2       -3.2031751826151219e-04  
 10      10      10      10      10      10       0       0       3       -3.7085866330896267e-04  
 10      10      10      10      10      10       0       0       4       -7.5529529436453688e-04  
 10      10      10      10      10      10       0       0       5       -6.6478767424563449e-04  
 10      10      10      10      10      10       0       0       6        5.3092592301851524e-03  
 10      10      10      10      10      10       0       0       7        4.6458676888628950e-04  
 10      10      10      10      10      10       0       0       8       -6.0391020582163896e-04  
 10      10      10      10      10      10       0       0       9       -6.8398467003167121e-04  
 10      10      10      10      10      10       0       0      10       -1.4717369920377616e-03  
 10      10      10      10      10      10       0       0      11       -1.2573186166359659e-03  
 10      10      10      10      10      10       0       0      12        4.1917853433554387e-03  
 10      10      10      10      10      10       0       0      13        6.5209147366459251e-04  
 10      10      10      10      10      10       0       0      14       -6.0348921998759435e-04  
 10      10      10      10      10      10       0       0      15       -4.8392937802938830e-04  
 10      10      10      10      10      10       0       0      16       -1.1324173441904851e-03  
 10      10      10      10      10      10       0       0      17       -9.6485973020891524e-04  
 10      10      10      10      10      10       0       0      18        2.1745854956664746e-03  
 10      10      10      10      10      10       0       0      19        7.8902456907916393e-04  
 10      10      10      10      10      10       0       0      20       -3.5483530285761877e-04  
 10      10      10      10      10      10       0       0      21       -2.9948282901387795e-04  
 10      10      10      10      10      10       0       0      22       -7.0544184080713627e-04  
 10      10      10      10      10      10       0       0      23       -6.7086816407135722e-04  
 10      10      10      10      10      10       0       0      24        1.5671217638139640e-03  
 10      10      10      10      10      10       0       0      25        8.3164884522430650e-04  
 10      10      10      10      10      10       0       0      26       -1.2062430467999795e-04  
 10      10      10      10      10      10       0       0      27       -7.8975164318131010e-06  
 10      10      10      10      10      10       0       0      28       -2.3029297624592202e-04  
 10      10      10      10      10      10       0       0      29       -3.3944797938365977e-04  
 10      10      10      10      10      10       0       0      30       -2.9657642681909412e-04  
 10      10      10      10      10      10       0       0      31        5.0357965690723714e-04  
 10      10      10      10      10      10       0       0      32        1.9153741290703057e-04  
 10      10      10      10      10      10       0       0      33        1.7466375296608966e-04  
 10      10      10      10      10      10       0       0      34        5.2452120291780956e-05  
 10      10      10      10      10      10       0       0      35       -1.3401405501834818e-04  
 10      10      10      10      10      10       0       0      36       -3.3809937691613845e-04  
 10      10      10      10      10      10       0       0      37       -2.9925685043475666e-04  
 10      10      10      10      10      10       0       0      38       -2.2032681402046572e-04  
 10      10      10      10      10      10       0       0      39       -3.4421632181801002e-05  
 10      10      10      10      10      10       0       0      40        2.7918587821680233e-04  
 10      10      10      10      10      10       0       0      41       -8.4891301882390963e-04  
 10      10      10      10      10      10       0       0      42       -4.3719368328267046e-04  
 10      10      10      10      10      10       0       0      43       -3.0326980141050073e-04  
 10      10      10      10      10      10       0       0      44       -7.3468936483829403e-05  
 10      10      10      10      10      10       0       0      45        4.8713535725882780e-04  
 10      10      10      10      10      10       0       0      46       -4.9681021483757783e-04  
 10      10      10      10      10      10       0       0      47       -4.2671267992787837e-04  
 10      10      10      10      10      10       0       0      48       -5.3793769232360247e-04  
 10      10      10      10      10      10       0       0      49       -1.5789053816685975e-05  
 10      10      10      10      10      10       0       0      50        5.5144852207407956e-04  
 10      10      10      10      10      10       0       0      51       -5.1957711207989931e-04  
 10      10      10      10      10      10       0       0      52       -3.9806593899750504e-04  
 10      10      10      10      10      10       0       0      53       -5.2169653803456166e-04  
 10      10      10      10      10      10       0       0      54        1.3918002817341762e-05  
 10      10      10      10      10      10       0       0      55        4.6472617609506295e-04  
 10      10      10      10      10      10       0       0      56       -1.2724548208088151e-04  
 10      10      10      10      10      10       0       0      57       -6.5563141009848541e-05  
 10      10      10      10      10      10       0       0      58       -2.5773162588475177e-04  
 10      10      10      10      10      10       0       0      59        4.3715367744477715e-06  
 10      10      10      10      10      10       0       0      60        2.4472215310134573e-04  
  9       9       9       9       9       9       9       0       0       -5.1373528806180355e-04  
  9       9       9       9       9       9       9       0       1       -2.2908659063277889e-04  
  9       9       9       9       9       9       9       0       2       -2.4403868574311612e-04  
  9       9       9       9       9       9       9       0       3       -1.1314475703117311e-05  
  9       9       9       9       9       9       9       0       4        2.6400712888339097e-05  
  9       9       9       9       9       9       9       0       5        3.2368393307976085e-05  
  9       9       9       9       9       9       9       0       6       -9.1526563772997718e-05  
  9       9       9       9       9       9       9       0       7        2.4441725949355993e-05  
  9       9       9       9       9       9       9       0       8        1.5998185395402149e-04  
  9       9       9       9       9       9       9       0       9        1.2723256394652773e-04  
  9       9       9       9       9       9       9       0      10        1.2282925005250152e-04  
  9       9       9       9       9       9       9       0      11        9.7349007999914756e-05  
  9       9       9       9       9       9       9       0      12        2.1924177920026953e-05  
  9       9       9       9       9       9       9       0      13        1.0421331035455366e-04  
  9       9       9       9       9       9       9       0      14        1.6650468116421928e-04  
  9       9       9       9       9       9       9       0      15        9.6344191311748206e-05  
  9       9       9       9       9       9       9       0      16        4.7157052248831735e-05  
  9       9       9       9       9       9       9       0      17        2.0413608075571432e-05  
  9       9       9       9       9       9       9       0      18       -1.8426094358383539e-04  
  9       9       9       9       9       9       9       0      19        9.3307540578276525e-05  
  9       9       9       9       9       9       9       0      20       -3.7024345576292676e-05  
  9       9       9       9       9       9       9       0      21       -1.1311624844896262e-04  
  9       9       9       9       9       9       9       0      22       -1.3052982053510720e-04  
  9       9       9       9       9       9       9       0      23       -9.7425860619835335e-05  
  9       9       9       9       9       9       9       0      24        2.2085648579555091e-04  
  9       9       9       9       9       9       9       0      25        2.7860982128439469e-04  
  9       9       9       9       9       9       9       0      26        1.2481730929875162e-04  
  9       9       9       9       9       9       9       0      27        1.2154175538690962e-05  
  9       9       9       9       9       9       9       0      28       -6.8508822879913639e-05  
  9       9       9       9       9       9       9       0      29       -6.8774125940427482e-05  
  9       9       9       9       9       9       9       0      30        1.6958195914879541e-04  
  9       9       9       9       9       9       9       0      31        2.4218668152794492e-04  
  9       9       9       9       9       9       9       0      32        7.8245598782460552e-05  
  9       9       9       9       9       9       9       0      33       -6.3558297255544800e-06  
  9       9       9       9       9       9       9       0      34       -6.0743816501799214e-05  
  9       9       9       9       9       9       9       0      35       -5.4852389997557167e-05  
  9       9       9       9       9       9       9       0      36        7.8878524518015866e-05  
  9       9       9       9       9       9       9       0      37        1.1289138630965164e-04  
  9       9       9       9       9       9       9       0      38        9.0034516200705958e-05  
  9       9       9       9       9       9       9       0      39        3.8483785869831345e-05  
  9       9       9       9       9       9       9       0      40       -7.7871872404340261e-07  
  9       9       9       9       9       9       9       0      41        9.2295340716193563e-05  
  9       9       9       9       9       9       9       0      42        1.0785660139821384e-04  
  9       9       9       9       9       9       9       0      43        6.1400703435839039e-05  
  9       9       9       9       9       9       9       0      44       -3.1929013765052593e-06  
  9       9       9       9       9       9       9       0      45       -3.8378642756376617e-05  
  9       9       9       9       9       9       9       0      46        1.5322770429485641e-04  
  9       9       9       9       9       9       9       0      47        2.3202525204579834e-04  
  9       9       9       9       9       9       9       0      48        1.8726974091518034e-04  
  9       9       9       9       9       9       9       0      49        6.7512185242982940e-05  
  9       9       9       9       9       9       9       0      50       -8.4811757808323497e-07  
  9       9       9       9       9       9       9       0      51        1.2936287188002770e-05  
  9       9       9       9       9       9       9       0      52       -3.2644999765653896e-06  
  9       9       9       9       9       9       9       0      53       -4.2851453424389317e-05  
  9       9       9       9       9       9       9       0      54       -8.8779281255513140e-05  
  9       9       9       9       9       9       9       0      55       -7.3153471049320259e-05  
  9       9       9       9       9       9       9       0      56       -3.9589304716832364e-05  
  9       9       9       9       9       9       9       0      57       -6.3692842681994387e-05  
  9       9       9       9       9       9       9       0      58       -1.1745799171677505e-04  
  9       9       9       9       9       9       9       0      59       -1.2329757869039716e-04  
  9       9       9       9       9       9       9       0      60       -8.3636200967202119e-05  
 10      10      10      10      10      10      10       0       0       -1.2403083140803976e-04  
 10      10      10      10      10      10      10       0       1        8.5930967173646685e-05  
 10      10      10      10      10      10      10       0       2        7.1981597729948193e-05  
 10      10      10      10      10      10      10       0       3        1.4902173910063078e-05  
 10      10      10      10      10      10      10       0       4       -1.4394512868924262e-05  
 10      10      10      10      10      10      10       0       5       -3.5154404598081834e-05  
 10      10      10      10      10      10      10       0       6        1.5172761617301359e-04  
 10      10      10      10      10      10      10       0       7        1.7783458956155054e-04  
 10      10      10      10      10      10      10       0       8        1.3479900567822770e-04  
 10      10      10      10      10      10      10       0       9        3.3395994862366690e-05  
 10      10      10      10      10      10      10       0      10       -3.3542358540434292e-05  
 10      10      10      10      10      10      10       0      11       -6.5578756740688546e-05  
 10      10      10      10      10      10      10       0      12        1.4222082288269992e-04  
 10      10      10      10      10      10      10       0      13        1.6610861263684774e-04  
 10      10      10      10      10      10      10       0      14        1.1809819789155389e-04  
 10      10      10      10      10      10      10       0      15        3.2367535614706935e-05  
 10      10      10      10      10      10      10       0      16       -3.0400676666382696e-05  
 10      10      10      10      10      10      10       0      17       -4.8508091096401571e-05  
 10      10      10      10      10      10      10       0      18       -9.1904551953644743e-05  
 10      10      10      10      10      10      10       0      19        1.5255538668883961e-04  
 10      10      10      10      10      10      10       0      20        8.8163476309141301e-05  
 10      10      10      10      10      10      10       0      21        2.3347913610171879e-05  
 10      10      10      10      10      10      10       0      22       -3.2449688385971036e-05  
 10      10      10      10      10      10      10       0      23       -3.3002073715791345e-05  
 10      10      10      10      10      10      10       0      24        2.4526351578046279e-04  
 10      10      10      10      10      10      10       0      25        1.5750273516387055e-04  
 10      10      10      10      10      10      10       0      26        8.2232446757377913e-05  
 10      10      10      10      10      10      10       0      27        3.4046754660199578e-05  
 10      10      10      10      10      10      10       0      28       -2.2663412848548540e-05  
 10      10      10      10      10      10      10       0      29       -1.8327584863481419e-05  
 10      10      10      10      10      10      10       0      30        1.5156407869534435e-04  
 10      10      10      10      10      10      10       0      31        1.7101740615396835e-04  
 10      10      10      10      10      10      10       0      32        8.2004575777681687e-05  
 10      10      10      10      10      10      10       0      33        2.7629927290784763e-05  
 10      10      10      10      10      10      10       0      34       -1.4859308924553115e-05  
 10      10      10      10      10      10      10       0      35       -1.4328327549677525e-05  
 10      10      10      10      10      10      10       0      36       -2.7904281826704659e-05  
 10      10      10      10      10      10      10       0      37       -3.3963332878734912e-05  
 10      10      10      10      10      10      10       0      38       -4.5189654072885306e-06  
 10      10      10      10      10      10      10       0      39       -3.1074991857566519e-05  
 10      10      10      10      10      10      10       0      40       -2.3176642227795595e-05  
 10      10      10      10      10      10      10       0      41       -4.2991131708178220e-05  
 10      10      10      10      10      10      10       0      42       -6.6003437338569586e-05  
 10      10      10      10      10      10      10       0      43       -5.9422165572668336e-05  
 10      10      10      10      10      10      10       0      44       -5.2204271147894932e-05  
 10      10      10      10      10      10      10       0      45       -3.5875939703646288e-05  
 10      10      10      10      10      10      10       0      46       -1.1002809809367546e-05  
 10      10      10      10      10      10      10       0      47       -6.6928139575054754e-05  
 10      10      10      10      10      10      10       0      48       -4.5291257471082104e-05  
 10      10      10      10      10      10      10       0      49       -5.9459836105356358e-05  
 10      10      10      10      10      10      10       0      50       -4.1208254949052825e-05  
 10      10      10      10      10      10      10       0      51       -4.8604095441075816e-05  
 10      10      10      10      10      10      10       0      52       -4.6146467611022998e-05  
 10      10      10      10      10      10      10       0      53       -3.4904832414152896e-05  
 10      10      10      10      10      10      10       0      54       -5.4250536820448795e-05  
 10      10      10      10      10      10      10       0      55       -4.0712859525525697e-05  
 10      10      10      10      10      10      10       0      56       -2.5534528143666028e-05  
 10      10      10      10      10      10      10       0      57       -2.3431930301112102e-05  
 10      10      10      10      10      10      10       0      58       -3.6350011824275245e-05  
 10      10      10      10      10      10      10       0      59       -4.1462144338248253e-05  
 10      10      10      10      10      10      10       0      60       -3.9295281683257959e-05  
  9       9       9       9       9       9       9       9       0       -5.1514178227460607e-06  
  9       9       9       9       9       9       9       9       1       -8.9219358575723199e-06  
  9       9       9       9       9       9       9       9       2        1.1968891286844808e-05  
  9       9       9       9       9       9       9       9       3        2.4818139916831402e-05  
  9       9       9       9       9       9       9       9       4        3.6596656291772805e-05  
  9       9       9       9       9       9       9       9       5        3.0964231669826447e-05  
  9       9       9       9       9       9       9       9       6       -4.6496149851691565e-05  
  9       9       9       9       9       9       9       9       7       -3.8399823492763898e-05  
  9       9       9       9       9       9       9       9       8        2.8855370523624635e-07  
  9       9       9       9       9       9       9       9       9        3.5431591145215142e-05  
  9       9       9       9       9       9       9       9      10        6.2616199179051207e-05  
  9       9       9       9       9       9       9       9      11        5.2480638943432077e-05  
  9       9       9       9       9       9       9       9      12       -4.1841315660871182e-05  
  9       9       9       9       9       9       9       9      13       -3.2677010271595314e-05  
  9       9       9       9       9       9       9       9      14        5.8527638727205035e-06  
  9       9       9       9       9       9       9       9      15        4.1065652689745438e-05  
  9       9       9       9       9       9       9       9      16        6.6176663726929643e-05  
  9       9       9       9       9       9       9       9      17        5.4080019544177485e-05  
  9       9       9       9       9       9       9       9      18       -9.4170335302950428e-06  
  9       9       9       9       9       9       9       9      19       -1.8844547677072667e-05  
  9       9       9       9       9       9       9       9      20        1.7754631267051649e-05  
  9       9       9       9       9       9       9       9      21        5.4593229445067205e-05  
  9       9       9       9       9       9       9       9      22        7.1050704665910359e-05  
  9       9       9       9       9       9       9       9      23        5.7693775378077816e-05  
  9       9       9       9       9       9       9       9      24       -2.1524950465052447e-05  
  9       9       9       9       9       9       9       9      25       -2.9855103773120862e-05  
  9       9       9       9       9       9       9       9      26        1.3931951017720757e-05  
  9       9       9       9       9       9       9       9      27        4.0370567739790762e-05  
  9       9       9       9       9       9       9       9      28        5.8635646016310613e-05  
  9       9       9       9       9       9       9       9      29        4.8247707392965108e-05  
  9       9       9       9       9       9       9       9      30       -8.8042520278774976e-06  
  9       9       9       9       9       9       9       9      31       -1.8448268863698632e-05  
  9       9       9       9       9       9       9       9      32        1.2705836569107546e-05  
  9       9       9       9       9       9       9       9      33        3.3995212438708750e-05  
  9       9       9       9       9       9       9       9      34        4.7489199917261740e-05  
  9       9       9       9       9       9       9       9      35        4.0120217846810939e-05  
  9       9       9       9       9       9       9       9      36       -1.5042854322452716e-06  
  9       9       9       9       9       9       9       9      37       -1.6330911299485168e-06  
  9       9       9       9       9       9       9       9      38       -2.6511500192129608e-06  
  9       9       9       9       9       9       9       9      39       -3.4702287046891072e-06  
  9       9       9       9       9       9       9       9      40       -6.9386210831386062e-06  
  9       9       9       9       9       9       9       9      41        1.1093258818340573e-06  
  9       9       9       9       9       9       9       9      42        4.6320845502737233e-07  
  9       9       9       9       9       9       9       9      43        1.9478655851930380e-06  
  9       9       9       9       9       9       9       9      44       -2.9086917586797284e-06  
  9       9       9       9       9       9       9       9      45       -1.0587873497605694e-05  
  9       9       9       9       9       9       9       9      46       -7.9214898542766104e-07  
  9       9       9       9       9       9       9       9      47       -4.4867684211700246e-06  
  9       9       9       9       9       9       9       9      48       -7.5999144222222376e-06  
  9       9       9       9       9       9       9       9      49       -1.3477050344501945e-05  
  9       9       9       9       9       9       9       9      50       -2.1848511690539791e-05  
  9       9       9       9       9       9       9       9      51        3.7386217821949668e-06  
  9       9       9       9       9       9       9       9      52        4.2003585525861858e-06  
  9       9       9       9       9       9       9       9      53        3.0517763886547286e-06  
  9       9       9       9       9       9       9       9      54       -6.9706018519018155e-06  
  9       9       9       9       9       9       9       9      55       -1.7352010989068944e-05  
  9       9       9       9       9       9       9       9      56        2.4826356104602476e-06  
  9       9       9       9       9       9       9       9      57        3.9444882437854613e-07  
  9       9       9       9       9       9       9       9      58       -5.6568002822010682e-07  
  9       9       9       9       9       9       9       9      59       -1.1472640224261006e-05  
  9       9       9       9       9       9       9       9      60       -1.8877706090258093e-05  
 10      10      10      10      10      10      10      10       0       -8.6121600471599866e-06  
 10      10      10      10      10      10      10      10       1       -4.2003396377653620e-06  
 10      10      10      10      10      10      10      10       2        9.9222219493857815e-06  
 10      10      10      10      10      10      10      10       3        1.6803830973381280e-05  
 10      10      10      10      10      10      10      10       4        2.3170797675418587e-05  
 10      10      10      10      10      10      10      10       5        1.8095819734127120e-05  
 10      10      10      10      10      10      10      10       6       -3.7630297743642123e-05  
 10      10      10      10      10      10      10      10       7       -9.9509106442185014e-06  
 10      10      10      10      10      10      10      10       8        1.7955613956891569e-05  
 10      10      10      10      10      10      10      10       9        3.1039811233739457e-05  
 10      10      10      10      10      10      10      10      10        4.4985899440349806e-05  
 10      10      10      10      10      10      10      10      11        3.5369417652216407e-05  
 10      10      10      10      10      10      10      10      12       -3.3501400651958208e-05  
 10      10      10      10      10      10      10      10      13       -1.7124457642620811e-05  
 10      10      10      10      10      10      10      10      14        1.1293013894975036e-05  
 10      10      10      10      10      10      10      10      15        2.3116878753690589e-05  
 10      10      10      10      10      10      10      10      16        3.7007110882690853e-05  
 10      10      10      10      10      10      10      10      17        2.9920718909092590e-05  
 10      10      10      10      10      10      10      10      18        4.1410577012569727e-06  
 10      10      10      10      10      10      10      10      19       -2.5030315328469407e-05  
 10      10      10      10      10      10      10      10      20        9.9026161357693961e-07  
 10      10      10      10      10      10      10      10      21        1.4034059078700302e-05  
 10      10      10      10      10      10      10      10      22        2.6739478824810401e-05  
 10      10      10      10      10      10      10      10      23        2.3354079226749656e-05  
 10      10      10      10      10      10      10      10      24       -3.3652960047055284e-05  
 10      10      10      10      10      10      10      10      25       -3.3529780215061642e-05  
 10      10      10      10      10      10      10      10      26       -1.0759056930372575e-05  
 10      10      10      10      10      10      10      10      27        4.1836885049943886e-07  
 10      10      10      10      10      10      10      10      28        1.2857124217038176e-05  
 10      10      10      10      10      10      10      10      29        1.2963723973174321e-05  
 10      10      10      10      10      10      10      10      30       -1.8795486339120481e-05  
 10      10      10      10      10      10      10      10      31       -3.6906593800209397e-05  
 10      10      10      10      10      10      10      10      32       -2.1095809329395535e-05  
 10      10      10      10      10      10      10      10      33       -9.3014311968561746e-06  
 10      10      10      10      10      10      10      10      34        6.3318901703897283e-07  
 10      10      10      10      10      10      10      10      35        2.9620848099487631e-06  
 10      10      10      10      10      10      10      10      36        2.8492036886541436e-06  
 10      10      10      10      10      10      10      10      37        2.1062283987281397e-06  
 10      10      10      10      10      10      10      10      38       -1.5682788461778259e-06  
 10      10      10      10      10      10      10      10      39       -2.7651358129428615e-06  
 10      10      10      10      10      10      10      10      40       -6.6859742724698118e-06  
 10      10      10      10      10      10      10      10      41        8.2725602343382632e-06  
 10      10      10      10      10      10      10      10      42        6.0700467583497872e-06  
 10      10      10      10      10      10      10      10      43        2.8654907488850955e-06  
 10      10      10      10      10      10      10      10      44       -3.6361741248926801e-06  
 10      10      10      10      10      10      10      10      45       -1.0900684877577804e-05  
 10      10      10      10      10      10      10      10      46        3.3811410284466602e-06  
 10      10      10      10      10      10      10      10      47        7.2804616789581663e-06  
 10      10      10      10      10      10      10      10      48        6.1897355154781564e-06  
 10      10      10      10      10      10      10      10      49       -2.0713925235126369e-06  
 10      10      10      10      10      10      10      10      50       -1.0262301023542345e-05  
 10      10      10      10      10      10      10      10      51        1.0191539924988270e-05  
 10      10      10      10      10      10      10      10      52        1.0118995362802775e-05  
 10      10      10      10      10      10      10      10      53        9.5364504698962175e-06  
 10      10      10      10      10      10      10      10      54        2.7390454478441324e-06  
 10      10      10      10      10      10      10      10      55       -4.6112318143844687e-06  
 10      10      10      10      10      10      10      10      56        7.4166286849023346e-06  
 10      10      10      10      10      10      10      10      57        1.0217049678263614e-05  
 10      10      10      10      10      10      10      10      58        1.2844888091790802e-05  
 10      10      10      10      10      10      10      10      59        8.9488297045195632e-06  
 10      10      10      10      10      10      10      10      60        4.4989260571273118e-06  
 15      15      15      15      15       0       0       0       0       -1.1329674632287108e-01  
 15      15      15      15      15       0       0       0       1        3.7451789534316822e-03  
 15      15      15      15      15       0       0       0       2        2.2288511536032486e-02  
 15      15      15      15      15       0       0       0       3       -1.9290894492191440e-02  
 15      15      15      15      15       0       0       0       4       -7.3582957337710422e-05  
 15      15      15      15      15       0       0       0       5       -2.2057504482955021e-03  
 15      15      15      15      15       0       0       0       6        8.5741336538315300e-03  
 15      15      15      15      15       0       0       0       7        3.4778875954753680e-02  
 15      15      15      15      15       0       0       0       8        1.5297811899814771e-02  
 15      15      15      15      15       0       0       0       9        8.7035840718980122e-03  
 15      15      15      15      15       0       0       0      10        1.9944302137635335e-03  
 15      15      15      15      15       0       0       0      11        5.9128373089209398e-03  
 15      15      15      15      15       0       0       0      12        1.2185898596995891e-02  
 15      15      15      15      15       0       0       0      13        2.2286210849507940e-02  
 15      15      15      15      15       0       0       0      14        8.8290420495341412e-03  
 15      15      15      15      15       0       0       0      15        8.0800905893646351e-03  
 15      15      15      15      15       0       0       0      16        6.2753712830557569e-03  
 15      15      15      15      15       0       0       0      17        5.7053774508172960e-03  
 15      15      15      15      15       0       0       0      18        2.5868588513943612e-04  
 15      15      15      15      15       0       0       0      19        2.1138321683472107e-03  
 15      15      15      15      15       0       0       0      20       -6.5183943506955926e-03  
 15      15      15      15      15       0       0       0      21       -1.1081178730980665e-03  
 15      15      15      15      15       0       0       0      22       -3.2839193725585458e-03  
 15      15      15      15      15       0       0       0      23       -1.0928367093515222e-03  
 15      15      15      15      15       0       0       0      24        2.8972994489649038e-03  
 15      15      15      15      15       0       0       0      25        6.2329154713023178e-03  
 15      15      15      15      15       0       0       0      26        6.4401500741598375e-03  
 15      15      15      15      15       0       0       0      27        2.8305354289239787e-03  
 15      15      15      15      15       0       0       0      28        5.7663216020420623e-04  
 15      15      15      15      15       0       0       0      29       -1.3907228296463112e-04  
 15      15      15      15      15       0       0       0      30       -1.7776461421111468e-04  
 15      15      15      15      15       0       0       0      31       -4.3908994316088222e-04  
 15      15      15      15      15       0       0       0      32       -5.5479754628379879e-04  
 15      15      15      15      15       0       0       0      33       -7.4705976838174062e-04  
 15      15      15      15      15       0       0       0      34       -1.3852048457728141e-03  
 15      15      15      15      15       0       0       0      35       -2.1357633965421465e-03  
 15      15      15      15      15       0       0       0      36       -4.3746187114861784e-03  
 15      15      15      15      15       0       0       0      37        8.3748885018884167e-03  
 15      15      15      15      15       0       0       0      38       -4.4945733937967539e-03  
 15      15      15      15      15       0       0       0      39        1.4428377143566368e-04  
 15      15      15      15      15       0       0       0      40        5.3431765469947267e-04  
 15      15      15      15      15       0       0       0      41        1.0820163262471321e-03  
 15      15      15      15      15       0       0       0      42       -1.0123134124224926e-02  
 15      15      15      15      15       0       0       0      43       -9.5938915032790751e-04  
 15      15      15      15      15       0       0       0      44       -1.6164391010530751e-03  
 15      15      15      15      15       0       0       0      45        1.1936025700496303e-03  
 15      15      15      15      15       0       0       0      46        5.9456143956019211e-03  
 15      15      15      15      15       0       0       0      47        5.7683110167492556e-03  
 15      15      15      15      15       0       0       0      48        7.9406182562738285e-03  
 15      15      15      15      15       0       0       0      49        6.4797120313595229e-03  
 15      15      15      15      15       0       0       0      50        6.7405975395184083e-03  
 15      15      15      15      15       0       0       0      51       -1.9883072819521369e-03  
 15      15      15      15      15       0       0       0      52        3.5679450648638247e-04  
 15      15      15      15      15       0       0       0      53        6.0261674506009234e-04  
 15      15      15      15      15       0       0       0      54        1.4571946639458165e-03  
 15      15      15      15      15       0       0       0      55        9.4374879707282572e-04  
 15      15      15      15      15       0       0       0      56        8.1389283334452162e-04  
 15      15      15      15      15       0       0       0      57        2.7804989580006239e-03  
 15      15      15      15      15       0       0       0      58        3.1697210161225286e-03  
 15      15      15      15      15       0       0       0      59        2.8806735256360922e-03  
 15      15      15      15      15       0       0       0      60        9.6107717695394419e-04  
 15      15      15      15      15      15       0       0       0       -6.5711141583036327e-03  
 15      15      15      15      15      15       0       0       1       -2.5632332725320069e-02  
 15      15      15      15      15      15       0       0       2       -1.0826043282109286e-02  
 15      15      15      15      15      15       0       0       3       -5.4361764087466850e-03  
 15      15      15      15      15      15       0       0       4        2.5973505975683065e-03  
 15      15      15      15      15      15       0       0       5       -6.7195174163813551e-04  
 15      15      15      15      15      15       0       0       6       -8.3151846158687724e-03  
 15      15      15      15      15      15       0       0       7       -1.4407699031453787e-02  
 15      15      15      15      15      15       0       0       8       -9.7443151522601437e-03  
 15      15      15      15      15      15       0       0       9       -7.5151862844004625e-03  
 15      15      15      15      15      15       0       0      10       -3.7549826717131109e-03  
 15      15      15      15      15      15       0       0      11       -3.1459163726950466e-03  
 15      15      15      15      15      15       0       0      12       -6.2352794024068594e-03  
 15      15      15      15      15      15       0       0      13       -1.2241791300941903e-02  
 15      15      15      15      15      15       0       0      14       -9.8595926159621376e-03  
 15      15      15      15      15      15       0       0      15       -8.1766518172099439e-03  
 15      15      15      15      15      15       0       0      16       -4.5878574579997777e-03  
 15      15      15      15      15      15       0       0      17       -2.7025629288016766e-03  
 15      15      15      15      15      15       0       0      18       -1.8204302620591899e-03  
 15      15      15      15      15      15       0       0      19       -3.7222832148822598e-03  
 15      15      15      15      15      15       0       0      20       -3.9088356747106678e-03  
 15      15      15      15      15      15       0       0      21       -5.0653335022891096e-03  
 15      15      15      15      15      15       0       0      22       -2.8681895744509349e-03  
 15      15      15      15      15      15       0       0      23       -1.9174698676088875e-03  
 15      15      15      15      15      15       0       0      24       -1.6099341029052717e-03  
 15      15      15      15      15      15       0       0      25       -2.7218179170679330e-03  
 15      15      15      15      15      15       0       0      26       -2.9678499829333183e-03  
 15      15      15      15      15      15       0       0      27       -2.0707033482826494e-03  
 15      15      15      15      15      15       0       0      28       -1.3961284651491830e-03  
 15      15      15      15      15      15       0       0      29       -1.2009969551038317e-03  
 15      15      15      15      15      15       0       0      30       -1.5144525409327691e-04  
 15      15      15      15      15      15       0       0      31       -8.3473241193953243e-04  
 15      15      15      15      15      15       0       0      32       -7.2421296295422603e-04  
 15      15      15      15      15      15       0       0      33       -5.9761055249729883e-04  
 15      15      15      15      15      15       0       0      34       -5.7832507454542320e-04  
 15      15      15      15      15      15       0       0      35       -9.5163419287095871e-04  
 15      15      15      15      15      15       0       0      36        2.1015787481759788e-03  
 15      15      15      15      15      15       0       0      37        3.0600633336865519e-03  
 15      15      15      15      15      15       0       0      38        2.8324188754644498e-03  
 15      15      15      15      15      15       0       0      39        1.8766917058302562e-03  
 15      15      15      15      15      15       0       0      40        1.4210804851042293e-03  
 15      15      15      15      15      15       0       0      41        4.1927945852862887e-03  
 15      15      15      15      15      15       0       0      42        5.4505674555179982e-03  
 15      15      15      15      15      15       0       0      43        4.5316083601374289e-03  
 15      15      15      15      15      15       0       0      44        3.7340485824836271e-03  
 15      15      15      15      15      15       0       0      45        2.1931634147580618e-03  
 15      15      15      15      15      15       0       0      46        2.8017417194273948e-03  
 15      15      15      15      15      15       0       0      47       -1.3271659064892146e-03  
 15      15      15      15      15      15       0       0      48        1.7818164979293354e-03  
 15      15      15      15      15      15       0       0      49        3.4114053994570236e-03  
 15      15      15      15      15      15       0       0      50        2.5085904229854863e-03  
 15      15      15      15      15      15       0       0      51        1.1801100566381627e-03  
 15      15      15      15      15      15       0       0      52        1.1911719882644197e-03  
 15      15      15      15      15      15       0       0      53        2.2904979613993935e-03  
 15      15      15      15      15      15       0       0      54        2.2349511493253765e-03  
 15      15      15      15      15      15       0       0      55        1.8436317705451397e-03  
 15      15      15      15      15      15       0       0      56        6.5878137921112744e-04  
 15      15      15      15      15      15       0       0      57        5.4942401029413855e-04  
 15      15      15      15      15      15       0       0      58        8.7608011785978823e-04  
 15      15      15      15      15      15       0       0      59        1.1564793933570845e-03  
 15      15      15      15      15      15       0       0      60        1.1585364818086268e-03  
 15      15      15      15      15      15      15       0       0       -2.1150761705442255e-03  
 15      15      15      15      15      15      15       0       1        1.8709211156994862e-03  
 15      15      15      15      15      15      15       0       2        2.9740171517935967e-04  
 15      15      15      15      15      15      15       0       3        2.0654407231505082e-03  
 15      15      15      15      15      15      15       0       4        5.4455954289011588e-05  
 15      15      15      15      15      15      15       0       5        7.6888709489567695e-05  
 15      15      15      15      15      15      15       0       6        1.7788963398229435e-04  
 15      15      15      15      15      15      15       0       7        3.3377614009458934e-04  
 15      15      15      15      15      15      15       0       8        2.2448608378012697e-04  
 15      15      15      15      15      15      15       0       9        2.6938316828841987e-04  
 15      15      15      15      15      15      15       0      10        1.2538716810733691e-04  
 15      15      15      15      15      15      15       0      11       -8.6468338211685870e-05  
 15      15      15      15      15      15      15       0      12        1.2295982252941558e-04  
 15      15      15      15      15      15      15       0      13        5.5993434743674452e-04  
 15      15      15      15      15      15      15       0      14        3.5133024624466405e-04  
 15      15      15      15      15      15      15       0      15        1.9190123061037774e-04  
 15      15      15      15      15      15      15       0      16        7.5599614433197795e-05  
 15      15      15      15      15      15      15       0      17       -3.8024268917487901e-05  
 15      15      15      15      15      15      15       0      18        9.2805725169715553e-05  
 15      15      15      15      15      15      15       0      19        1.6988212697573613e-04  
 15      15      15      15      15      15      15       0      20        1.2530313355537477e-04  
 15      15      15      15      15      15      15       0      21        1.2643577351357412e-04  
 15      15      15      15      15      15      15       0      22        1.4121657509380398e-04  
 15      15      15      15      15      15      15       0      23        6.7347765107160114e-05  
 15      15      15      15      15      15      15       0      24       -7.0646690663653142e-05  
 15      15      15      15      15      15      15       0      25       -1.4314500934796556e-04  
 15      15      15      15      15      15      15       0      26       -1.0721426573903240e-04  
 15      15      15      15      15      15      15       0      27       -8.4725528543224041e-07  
 15      15      15      15      15      15      15       0      28        5.6039743297993742e-05  
 15      15      15      15      15      15      15       0      29        4.6340422226230067e-05  
 15      15      15      15      15      15      15       0      30       -4.0459690005310369e-05  
 15      15      15      15      15      15      15       0      31       -4.4879778241628200e-05  
 15      15      15      15      15      15      15       0      32       -8.2485644258999794e-06  
 15      15      15      15      15      15      15       0      33        2.7972904453670632e-05  
 15      15      15      15      15      15      15       0      34        4.7650560636721109e-05  
 15      15      15      15      15      15      15       0      35        5.1245701770625885e-05  
 15      15      15      15      15      15      15       0      36        5.6745110613848166e-05  
 15      15      15      15      15      15      15       0      37       -3.2403904047652857e-04  
 15      15      15      15      15      15      15       0      38       -1.5434801162241720e-04  
 15      15      15      15      15      15      15       0      39       -1.7293719657317401e-04  
 15      15      15      15      15      15      15       0      40       -8.8651235754114041e-05  
 15      15      15      15      15      15      15       0      41       -3.0001410968975845e-04  
 15      15      15      15      15      15      15       0      42       -1.7493967149442507e-04  
 15      15      15      15      15      15      15       0      43       -4.4420814203861901e-04  
 15      15      15      15      15      15      15       0      44       -2.1593674296654136e-04  
 15      15      15      15      15      15      15       0      45       -1.7741112943926089e-04  
 15      15      15      15      15      15      15       0      46       -1.2913411405697224e-04  
 15      15      15      15      15      15      15       0      47       -1.9170934696676861e-04  
 15      15      15      15      15      15      15       0      48       -2.8767057634095707e-04  
 15      15      15      15      15      15      15       0      49       -2.5854543658047240e-04  
 15      15      15      15      15      15      15       0      50       -2.3016360843514338e-04  
 15      15      15      15      15      15      15       0      51       -4.0935192990748335e-05  
 15      15      15      15      15      15      15       0      52       -1.2817523574161876e-04  
 15      15      15      15      15      15      15       0      53       -1.3348489659155836e-04  
 15      15      15      15      15      15      15       0      54       -9.6046407051482061e-05  
 15      15      15      15      15      15      15       0      55       -5.9250987890713573e-05  
 15      15      15      15      15      15      15       0      56       -4.8501613820081472e-06  
 15      15      15      15      15      15      15       0      57       -5.1218966941538533e-05  
 15      15      15      15      15      15      15       0      58       -7.2094571735801163e-05  
 15      15      15      15      15      15      15       0      59       -6.5805447382532588e-05  
 15      15      15      15      15      15      15       0      60       -2.7717732867614142e-05  
 15      15      15      15      15      15      15      15       0        5.9923946943502959e-04  
 15      15      15      15      15      15      15      15       1        1.7069641526548857e-04  
 15      15      15      15      15      15      15      15       2        1.0400598071536617e-04  
 15      15      15      15      15      15      15      15       3       -7.5880269910295108e-05  
 15      15      15      15      15      15      15      15       4       -7.2660948055372433e-05  
 15      15      15      15      15      15      15      15       5       -1.3961137466997468e-06  
 15      15      15      15      15      15      15      15       6        1.0890009908138924e-04  
 15      15      15      15      15      15      15      15       7        1.3677235012586326e-04  
 15      15      15      15      15      15      15      15       8        1.1664685582335026e-04  
 15      15      15      15      15      15      15      15       9        9.3306008654841998e-05  
 15      15      15      15      15      15      15      15      10        5.1217204056370218e-05  
 15      15      15      15      15      15      15      15      11        6.5454094186933088e-05  
 15      15      15      15      15      15      15      15      12        8.8978455979230083e-05  
 15      15      15      15      15      15      15      15      13        1.0854538942252459e-04  
 15      15      15      15      15      15      15      15      14        1.1918855868511974e-04  
 15      15      15      15      15      15      15      15      15        1.1212838853617020e-04  
 15      15      15      15      15      15      15      15      16        6.0569451852489062e-05  
 15      15      15      15      15      15      15      15      17        4.5146224127250129e-05  
 15      15      15      15      15      15      15      15      18        2.8842904716535286e-05  
 15      15      15      15      15      15      15      15      19        5.6333469696613503e-05  
 15      15      15      15      15      15      15      15      20        6.6632151012844030e-05  
 15      15      15      15      15      15      15      15      21        7.7303044795599252e-05  
 15      15      15      15      15      15      15      15      22        2.9099556239551348e-05  
 15      15      15      15      15      15      15      15      23        2.5167496761161623e-05  
 15      15      15      15      15      15      15      15      24        4.3250253776504132e-05  
 15      15      15      15      15      15      15      15      25        7.4317097417468054e-05  
 15      15      15      15      15      15      15      15      26        6.6184450419764219e-05  
 15      15      15      15      15      15      15      15      27        3.5488720620341492e-05  
 15      15      15      15      15      15      15      15      28        1.6343855294373905e-05  
 15      15      15      15      15      15      15      15      29        1.7225042538485912e-05  
 15      15      15      15      15      15      15      15      30        9.2153673038404807e-06  
 15      15      15      15      15      15      15      15      31        2.4407888568023081e-05  
 15      15      15      15      15      15      15      15      32        1.8542461769783482e-05  
 15      15      15      15      15      15      15      15      33        9.7276050923321259e-06  
 15      15      15      15      15      15      15      15      34        8.2697659496471019e-06  
 15      15      15      15      15      15      15      15      35        1.8416271792315685e-05  
 15      15      15      15      15      15      15      15      36       -1.8060278250879816e-05  
 15      15      15      15      15      15      15      15      37       -4.2120913121803406e-06  
 15      15      15      15      15      15      15      15      38       -1.1771505721463009e-05  
 15      15      15      15      15      15      15      15      39       -1.1153857596965925e-05  
 15      15      15      15      15      15      15      15      40       -1.6869661825234472e-05  
 15      15      15      15      15      15      15      15      41       -3.4579560392236537e-05  
 15      15      15      15      15      15      15      15      42       -3.8391975886356438e-05  
 15      15      15      15      15      15      15      15      43       -1.2272895841764157e-05  
 15      15      15      15      15      15      15      15      44       -3.5444143303782267e-05  
 15      15      15      15      15      15      15      15      45       -2.0943513780584892e-05  
 15      15      15      15      15      15      15      15      46       -6.0970645598406854e-05  
 15      15      15      15      15      15      15      15      47        6.8361642043485331e-05  
 15      15      15      15      15      15      15      15      48        5.6974923008289578e-06  
 15      15      15      15      15      15      15      15      49       -4.1839356350589821e-05  
 15      15      15      15      15      15      15      15      50       -2.6795087237617510e-05  
 15      15      15      15      15      15      15      15      51       -2.3291297478820383e-05  
 15      15      15      15      15      15      15      15      52       -1.3602112616715357e-05  
 15      15      15      15      15      15      15      15      53       -3.4195422848115518e-05  
 15      15      15      15      15      15      15      15      54       -3.7209822981173697e-05  
 15      15      15      15      15      15      15      15      55       -3.1318863306740739e-05  
 15      15      15      15      15      15      15      15      56       -2.1266480385729991e-05  
 15      15      15      15      15      15      15      15      57       -1.6977554587916867e-05  
 15      15      15      15      15      15      15      15      58       -1.8444100100537707e-05  
 15      15      15      15      15      15      15      15      59       -2.0817106927196217e-05  
 15      15      15      15      15      15      15      15      60       -2.0301930819662977e-05  
