12
  9       9       9       9       9       0       0       0       0       -2.0107419330115767e-01  
  9       9       9       9       9       0       0       0       1       -4.5722015579711700e-02  
  9       9       9       9       9       0       0       0       2       -6.1716822276532850e-02  
  9       9       9       9       9       0       0       0       3       -2.2639678886443800e-02  
  9       9       9       9       9       0       0       0       4       -1.1688176139050379e-02  
  9       9       9       9       9       0       0       0       5       -9.0122277346830509e-02  
  9       9       9       9       9       0       0       0       6       -5.3738356920787447e-02  
  9       9       9       9       9       0       0       0       7       -5.1869101644970633e-02  
  9       9       9       9       9       0       0       0       8       -2.7522580519172252e-02  
  9       9       9       9       9       0       0       0       9       -1.7085027600255143e-02  
  9       9       9       9       9       0       0       0      10       -7.0702121302767040e-02  
  9       9       9       9       9       0       0       0      11       -4.4641008167157603e-02  
  9       9       9       9       9       0       0       0      12       -4.4879701802087744e-02  
  9       9       9       9       9       0       0       0      13       -2.2646451318322505e-02  
  9       9       9       9       9       0       0       0      14       -1.3429537353498392e-02  
  9       9       9       9       9       0       0       0      15       -7.8076975298770682e-02  
  9       9       9       9       9       0       0       0      16       -3.9498484479158692e-02  
  9       9       9       9       9       0       0       0      17       -4.4003014568159735e-02  
  9       9       9       9       9       0       0       0      18       -2.6850581219762512e-02  
  9       9       9       9       9       0       0       0      19       -1.6217493406110343e-02  
  9       9       9       9       9       0       0       0      20       -2.6394332037422644e-02  
  9       9       9       9       9       0       0       0      21       -1.7825447145039898e-02  
  9       9       9       9       9       0       0       0      22       -1.5675468617755359e-02  
  9       9       9       9       9       0       0       0      23       -1.3033337384879530e-02  
  9       9       9       9       9       0       0       0      24       -9.1183927267905786e-03  
  9       9       9       9       9       0       0       0      25        1.1090957777218854e-02  
  9       9       9       9       9       0       0       0      26        1.5336946925154115e-02  
  9       9       9       9       9       0       0       0      27        8.4312575271283142e-03  
  9       9       9       9       9       0       0       0      28        7.3559402002835172e-03  
  9       9       9       9       9       0       0       0      29        1.5674991130054883e-02  
  9       9       9       9       9       0       0       0      30        2.0736119954243664e-02  
  9       9       9       9       9       0       0       0      31        1.2686212499799523e-02  
  9       9       9       9       9       0       0       0      32        1.1939093812999641e-02  
  9       9       9       9       9       0       0       0      33        2.4979968952175764e-02  
  9       9       9       9       9       0       0       0      34        3.0704705514098041e-02  
  9       9       9       9       9       0       0       0      35        2.5296244663281012e-02  
  9       9       9       9       9       0       0       0      36        1.9318396193770512e-02  
  9       9       9       9       9       0       0       0      37        1.0454151030620770e-02  
  9       9       9       9       9       0       0       0      38        1.5642022361221648e-02  
  9       9       9       9       9       0       0       0      39        1.5106629924658933e-02  
  9       9       9       9       9       0       0       0      40        1.4576074277845444e-02  
 10      10      10      10      10       0       0       0       0       -1.6431019475480058e-01  
 10      10      10      10      10       0       0       0       1       -8.4801768481943852e-03  
 10      10      10      10      10       0       0       0       2       -1.0196410104819040e-02  
 10      10      10      10      10       0       0       0       3       -1.6338548428918144e-03  
 10      10      10      10      10       0       0       0       4       -9.6154006660982723e-04  
 10      10      10      10      10       0       0       0       5       -5.3906971516208282e-02  
 10      10      10      10      10       0       0       0       6       -1.8230925750344715e-02  
 10      10      10      10      10       0       0       0       7       -1.9972989008012809e-02  
 10      10      10      10      10       0       0       0       8       -4.1854951130050558e-03  
 10      10      10      10      10       0       0       0       9       -2.0141653862854794e-03  
 10      10      10      10      10       0       0       0      10       -4.2100931530059942e-02  
 10      10      10      10      10       0       0       0      11       -1.4200568126971985e-02  
 10      10      10      10      10       0       0       0      12       -1.7746674797456900e-02  
 10      10      10      10      10       0       0       0      13       -5.7188756294956188e-03  
 10      10      10      10      10       0       0       0      14       -2.1529171023228909e-03  
 10      10      10      10      10       0       0       0      15       -4.9768038757547088e-02  
 10      10      10      10      10       0       0       0      16       -1.0200030868415408e-02  
 10      10      10      10      10       0       0       0      17       -1.1914480296656697e-02  
 10      10      10      10      10       0       0       0      18       -6.2842007781063990e-03  
 10      10      10      10      10       0       0       0      19       -2.5894566248245571e-03  
 10      10      10      10      10       0       0       0      20       -2.0998254958898975e-02  
 10      10      10      10      10       0       0       0      21       -7.6932768815255147e-03  
 10      10      10      10      10       0       0       0      22       -7.6350080974579822e-03  
 10      10      10      10      10       0       0       0      23       -5.1087708788753860e-03  
 10      10      10      10      10       0       0       0      24       -2.8212318547120004e-03  
 10      10      10      10      10       0       0       0      25        1.0262702253377628e-02  
 10      10      10      10      10       0       0       0      26        8.9590553672077525e-03  
 10      10      10      10      10       0       0       0      27        5.2832209123670490e-03  
 10      10      10      10      10       0       0       0      28        2.4517889046290118e-03  
 10      10      10      10      10       0       0       0      29        1.1862534330998991e-02  
 10      10      10      10      10       0       0       0      30        1.1132473397721138e-02  
 10      10      10      10      10       0       0       0      31        6.1207222425129380e-03  
 10      10      10      10      10       0       0       0      32        4.7442763252564073e-03  
 10      10      10      10      10       0       0       0      33        1.2890363364592865e-02  
 10      10      10      10      10       0       0       0      34        1.2799831149881489e-02  
 10      10      10      10      10       0       0       0      35        5.9051210273445270e-03  
 10      10      10      10      10       0       0       0      36        5.8655236078153632e-03  
 10      10      10      10      10       0       0       0      37        7.0164577681890100e-03  
 10      10      10      10      10       0       0       0      38        8.8035318394359876e-03  
 10      10      10      10      10       0       0       0      39        5.8513014515419858e-03  
 10      10      10      10      10       0       0       0      40        5.2837066166585532e-03  
  9       9       9       9       9       9       0       0       0        1.4892812080352794e-02  
  9       9       9       9       9       9       0       0       1        6.0770509038683132e-03  
  9       9       9       9       9       9       0       0       2        5.6313230124577021e-03  
  9       9       9       9       9       9       0       0       3        1.2579718522501336e-03  
  9       9       9       9       9       9       0       0       4       -4.5317634355557371e-04  
  9       9       9       9       9       9       0       0       5        1.0189206883935669e-02  
  9       9       9       9       9       9       0       0       6        6.0779619215893853e-03  
  9       9       9       9       9       9       0       0       7        3.5045667610005466e-03  
  9       9       9       9       9       9       0       0       8        1.2494629155129138e-03  
  9       9       9       9       9       9       0       0       9       -1.2069138674748220e-03  
  9       9       9       9       9       9       0       0      10        7.7151857339347830e-03  
  9       9       9       9       9       9       0       0      11        4.5130625217683013e-03  
  9       9       9       9       9       9       0       0      12        2.4914210598030069e-03  
  9       9       9       9       9       9       0       0      13        4.4943882092835820e-04  
  9       9       9       9       9       9       0       0      14       -1.2241076843214130e-03  
  9       9       9       9       9       9       0       0      15        6.6465850034300444e-03  
  9       9       9       9       9       9       0       0      16        3.3964119726690445e-03  
  9       9       9       9       9       9       0       0      17        3.1690392517998269e-03  
  9       9       9       9       9       9       0       0      18        1.0830612766380317e-03  
  9       9       9       9       9       9       0       0      19       -2.4725935704971331e-04  
  9       9       9       9       9       9       0       0      20        1.4614617960777585e-03  
  9       9       9       9       9       9       0       0      21        1.3962255152880504e-03  
  9       9       9       9       9       9       0       0      22        2.4914006497055151e-05  
  9       9       9       9       9       9       0       0      23       -9.3963763796598785e-05  
  9       9       9       9       9       9       0       0      24       -5.1660976835040339e-04  
  9       9       9       9       9       9       0       0      25       -1.0701170439006600e-03  
  9       9       9       9       9       9       0       0      26       -1.7266620341358067e-03  
  9       9       9       9       9       9       0       0      27       -1.3805711542594688e-03  
  9       9       9       9       9       9       0       0      28       -1.0918512324011298e-03  
  9       9       9       9       9       9       0       0      29       -1.7223816858932240e-03  
  9       9       9       9       9       9       0       0      30       -2.2874631231770718e-03  
  9       9       9       9       9       9       0       0      31       -2.0980429091651651e-03  
  9       9       9       9       9       9       0       0      32       -1.4756476617311441e-03  
  9       9       9       9       9       9       0       0      33       -2.9863061897496190e-03  
  9       9       9       9       9       9       0       0      34       -3.9865277902903376e-03  
  9       9       9       9       9       9       0       0      35       -3.4816506678033059e-03  
  9       9       9       9       9       9       0       0      36       -1.9636927217258097e-03  
  9       9       9       9       9       9       0       0      37       -1.3417011087692486e-03  
  9       9       9       9       9       9       0       0      38       -1.8572383038532210e-03  
  9       9       9       9       9       9       0       0      39       -1.8871039799286293e-03  
  9       9       9       9       9       9       0       0      40       -8.9144192477151238e-04  
 10      10      10      10      10      10       0       0       0        9.9879835360953129e-03  
 10      10      10      10      10      10       0       0       1        2.4174600260171681e-04  
 10      10      10      10      10      10       0       0       2       -3.2426412766570824e-04  
 10      10      10      10      10      10       0       0       3       -3.9109544784023717e-04  
 10      10      10      10      10      10       0       0       4       -7.5371286550161810e-04  
 10      10      10      10      10      10       0       0       5        5.3030991760714763e-03  
 10      10      10      10      10      10       0       0       6        4.2889845761782475e-04  
 10      10      10      10      10      10       0       0       7       -6.0009875216799323e-04  
 10      10      10      10      10      10       0       0       8       -7.1005174537289032e-04  
 10      10      10      10      10      10       0       0       9       -1.4761647939653449e-03  
 10      10      10      10      10      10       0       0      10        4.1994187116799701e-03  
 10      10      10      10      10      10       0       0      11        6.0291074388942989e-04  
 10      10      10      10      10      10       0       0      12       -6.0640205466278615e-04  
 10      10      10      10      10      10       0       0      13       -5.4388603459530399e-04  
 10      10      10      10      10      10       0       0      14       -1.1279936125844492e-03  
 10      10      10      10      10      10       0       0      15        2.1765797935976174e-03  
 10      10      10      10      10      10       0       0      16        7.5149189625190187e-04  
 10      10      10      10      10      10       0       0      17       -3.4935116990638705e-04  
 10      10      10      10      10      10       0       0      18       -3.4030422063765413e-04  
 10      10      10      10      10      10       0       0      19       -7.1066712846040031e-04  
 10      10      10      10      10      10       0       0      20        1.5699918507707255e-03  
 10      10      10      10      10      10       0       0      21        7.8807877356502258e-04  
 10      10      10      10      10      10       0       0      22       -1.2866465534436093e-04  
 10      10      10      10      10      10       0       0      23       -5.9870655473649982e-05  
 10      10      10      10      10      10       0       0      24       -2.2901783599921937e-04  
 10      10      10      10      10      10       0       0      25       -3.3413608553354998e-04  
 10      10      10      10      10      10       0       0      26       -2.9884397382739174e-04  
 10      10      10      10      10      10       0       0      27       -2.1604838670155030e-04  
 10      10      10      10      10      10       0       0      28       -4.1290472660951793e-05  
 10      10      10      10      10      10       0       0      29       -8.4601830351010781e-04  
 10      10      10      10      10      10       0       0      30       -4.3621734763977881e-04  
 10      10      10      10      10      10       0       0      31       -3.0024031967076123e-04  
 10      10      10      10      10      10       0       0      32       -7.8085860305446872e-05  
 10      10      10      10      10      10       0       0      33       -4.9770324431001444e-04  
 10      10      10      10      10      10       0       0      34       -4.2545624487639276e-04  
 10      10      10      10      10      10       0       0      35       -5.4066596941497892e-04  
 10      10      10      10      10      10       0       0      36       -1.2867075169647903e-05  
 10      10      10      10      10      10       0       0      37       -5.2405334386240157e-04  
 10      10      10      10      10      10       0       0      38       -3.9886521413369958e-04  
 10      10      10      10      10      10       0       0      39       -5.2574267961536002e-04  
 10      10      10      10      10      10       0       0      40        2.1198352805690007e-05  
  9       9       9       9       9       9       9       0       0       -5.1254323851954837e-04  
  9       9       9       9       9       9       9       0       1       -2.2714107004723747e-04  
  9       9       9       9       9       9       9       0       2       -2.4582220932833253e-04  
  9       9       9       9       9       9       9       0       3       -1.4196674620322769e-05  
  9       9       9       9       9       9       9       0       4        2.4013320798779734e-05  
  9       9       9       9       9       9       9       0       5       -8.7425667125822965e-05  
  9       9       9       9       9       9       9       0       6        3.1070730783567129e-05  
  9       9       9       9       9       9       9       0       7        1.6173829348237062e-04  
  9       9       9       9       9       9       9       0       8        1.2833325892795561e-04  
  9       9       9       9       9       9       9       0       9        1.2615946723124730e-04  
  9       9       9       9       9       9       9       0      10        1.9701701443835311e-05  
  9       9       9       9       9       9       9       0      11        1.0046583267229075e-04  
  9       9       9       9       9       9       9       0      12        1.7038251416686808e-04  
  9       9       9       9       9       9       9       0      13        1.0013882811114222e-04  
  9       9       9       9       9       9       9       0      14        4.9255215952801047e-05  
  9       9       9       9       9       9       9       0      15       -1.8444096140011494e-04  
  9       9       9       9       9       9       9       0      16        9.3794576078398475e-05  
  9       9       9       9       9       9       9       0      17       -2.9283315972237172e-05  
  9       9       9       9       9       9       9       0      18       -1.0326636177291270e-04  
  9       9       9       9       9       9       9       0      19       -1.2150765649399762e-04  
  9       9       9       9       9       9       9       0      20        2.1934700293929740e-04  
  9       9       9       9       9       9       9       0      21        2.7745797664751969e-04  
  9       9       9       9       9       9       9       0      22        1.2615060823672038e-04  
  9       9       9       9       9       9       9       0      23        1.4271596245828094e-05  
  9       9       9       9       9       9       9       0      24       -6.8488814873690266e-05  
  9       9       9       9       9       9       9       0      25        7.7806941851169925e-05  
  9       9       9       9       9       9       9       0      26        1.1072543285908856e-04  
  9       9       9       9       9       9       9       0      27        8.9925747965597570e-05  
  9       9       9       9       9       9       9       0      28        3.8573142495414466e-05  
  9       9       9       9       9       9       9       0      29        9.1228609899856328e-05  
  9       9       9       9       9       9       9       0      30        1.0599404180865908e-04  
  9       9       9       9       9       9       9       0      31        6.1093617906096887e-05  
  9       9       9       9       9       9       9       0      32       -2.8162136355230041e-06  
  9       9       9       9       9       9       9       0      33        1.5311194933318733e-04  
  9       9       9       9       9       9       9       0      34        2.3248236514388963e-04  
  9       9       9       9       9       9       9       0      35        1.8709329142498583e-04  
  9       9       9       9       9       9       9       0      36        6.8087894275047989e-05  
  9       9       9       9       9       9       9       0      37        1.4139543533496931e-05  
  9       9       9       9       9       9       9       0      38       -9.6899238594462868e-07  
  9       9       9       9       9       9       9       0      39       -4.2718210161338114e-05  
  9       9       9       9       9       9       9       0      40       -8.8965008236814022e-05  
 10      10      10      10      10      10      10       0       0       -1.2346265830865733e-04  
 10      10      10      10      10      10      10       0       1        8.5211522807834901e-05  
 10      10      10      10      10      10      10       0       2        7.1753700495048891e-05  
 10      10      10      10      10      10      10       0       3        1.2364383897356477e-05  
 10      10      10      10      10      10      10       0       4       -1.5370440707613029e-05  
 10      10      10      10      10      10      10       0       5        1.5560624705938627e-04  
 10      10      10      10      10      10      10       0       6        1.8083180217742597e-04  
 10      10      10      10      10      10      10       0       7        1.3857585846121655e-04  
 10      10      10      10      10      10      10       0       8        3.3462407994771796e-05  
 10      10      10      10      10      10      10       0       9       -2.8261288160203574e-05  
 10      10      10      10      10      10      10       0      10        1.4065243046698032e-04  
 10      10      10      10      10      10      10       0      11        1.6254269913181378e-04  
 10      10      10      10      10      10      10       0      12        1.1983416747779475e-04  
 10      10      10      10      10      10      10       0      13        3.2573257056914967e-05  
 10      10      10      10      10      10      10       0      14       -3.0174860579048814e-05  
 10      10      10      10      10      10      10       0      15       -9.0327076154135099e-05  
 10      10      10      10      10      10      10       0      16        1.5360456716324467e-04  
 10      10      10      10      10      10      10       0      17        9.3925593830163434e-05  
 10      10      10      10      10      10      10       0      18        2.7927309631450340e-05  
 10      10      10      10      10      10      10       0      19       -2.5197114379563681e-05  
 10      10      10      10      10      10      10       0      20        2.4443139334573270e-04  
 10      10      10      10      10      10      10       0      21        1.5430853871178322e-04  
 10      10      10      10      10      10      10       0      22        8.3544541498005003e-05  
 10      10      10      10      10      10      10       0      23        3.2844992568879402e-05  
 10      10      10      10      10      10      10       0      24       -2.2844432985230186e-05  
 10      10      10      10      10      10      10       0      25       -2.8307856879319824e-05  
 10      10      10      10      10      10      10       0      26       -3.4410435561004091e-05  
 10      10      10      10      10      10      10       0      27       -4.9900679562414333e-06  
 10      10      10      10      10      10      10       0      28       -3.0732384862370580e-05  
 10      10      10      10      10      10      10       0      29       -4.3333916134290324e-05  
 10      10      10      10      10      10      10       0      30       -6.6445181105835547e-05  
 10      10      10      10      10      10      10       0      31       -5.9839917677965695e-05  
 10      10      10      10      10      10      10       0      32       -5.1934653900049086e-05  
 10      10      10      10      10      10      10       0      33       -1.1051567407839646e-05  
 10      10      10      10      10      10      10       0      34       -6.6981332964487173e-05  
 10      10      10      10      10      10      10       0      35       -4.5076706118535916e-05  
 10      10      10      10      10      10      10       0      36       -5.9447815745011533e-05  
 10      10      10      10      10      10      10       0      37       -4.8129928598008064e-05  
 10      10      10      10      10      10      10       0      38       -4.5642849643805894e-05  
 10      10      10      10      10      10      10       0      39       -3.4449239130049578e-05  
 10      10      10      10      10      10      10       0      40       -5.4640383213612846e-05  
  9       9       9       9       9       9       9       9       0       -5.5579895000450168e-06  
  9       9       9       9       9       9       9       9       1       -7.6969311304305299e-06  
  9       9       9       9       9       9       9       9       2        1.2405734398556258e-05  
  9       9       9       9       9       9       9       9       3        2.7267773915727942e-05  
  9       9       9       9       9       9       9       9       4        3.6970476656269725e-05  
  9       9       9       9       9       9       9       9       5       -4.6266345974281959e-05  
  9       9       9       9       9       9       9       9       6       -3.4615543499412921e-05  
  9       9       9       9       9       9       9       9       7        2.0151109636468609e-06  
  9       9       9       9       9       9       9       9       8        4.0360645220081139e-05  
  9       9       9       9       9       9       9       9       9        6.4141900681517495e-05  
  9       9       9       9       9       9       9       9      10       -4.1263699450063794e-05  
  9       9       9       9       9       9       9       9      11       -2.8875855632348384e-05  
  9       9       9       9       9       9       9       9      12        5.1991491272129974e-06  
  9       9       9       9       9       9       9       9      13        4.3210798337408281e-05  
  9       9       9       9       9       9       9       9      14        6.5784378039325666e-05  
  9       9       9       9       9       9       9       9      15       -7.9937374124705446e-06  
  9       9       9       9       9       9       9       9      16       -1.3903951287523449e-05  
  9       9       9       9       9       9       9       9      17        1.8180900013991735e-05  
  9       9       9       9       9       9       9       9      18        5.7159423203820464e-05  
  9       9       9       9       9       9       9       9      19        7.1592440059999862e-05  
  9       9       9       9       9       9       9       9      20       -2.1313801253780953e-05  
  9       9       9       9       9       9       9       9      21       -2.6413877391501727e-05  
  9       9       9       9       9       9       9       9      22        1.3697401469654346e-05  
  9       9       9       9       9       9       9       9      23        4.3242066047341143e-05  
  9       9       9       9       9       9       9       9      24        5.8532199156902776e-05  
  9       9       9       9       9       9       9       9      25       -1.9619370375324477e-06  
  9       9       9       9       9       9       9       9      26       -1.9703095017404983e-06  
  9       9       9       9       9       9       9       9      27       -2.4328007880447620e-06  
  9       9       9       9       9       9       9       9      28       -2.9126143907081409e-06  
  9       9       9       9       9       9       9       9      29        7.4401542014699507e-07  
  9       9       9       9       9       9       9       9      30        2.0113781783877465e-07  
  9       9       9       9       9       9       9       9      31        2.1381350323857904e-06  
  9       9       9       9       9       9       9       9      32       -2.4594673428294450e-06  
  9       9       9       9       9       9       9       9      33       -6.1329961844818695e-07  
  9       9       9       9       9       9       9       9      34       -4.3453029193953550e-06  
  9       9       9       9       9       9       9       9      35       -7.6613217947533501e-06  
  9       9       9       9       9       9       9       9      36       -1.3683516676852004e-05  
  9       9       9       9       9       9       9       9      37        4.2376231888308467e-06  
  9       9       9       9       9       9       9       9      38        4.5712151463885883e-06  
  9       9       9       9       9       9       9       9      39        2.8175957745141317e-06  
  9       9       9       9       9       9       9       9      40       -7.5781289064667304e-06  
 10      10      10      10      10      10      10      10       0       -8.6841784104050156e-06  
 10      10      10      10      10      10      10      10       1       -3.6196245982353165e-06  
 10      10      10      10      10      10      10      10       2        1.0072590451630629e-05  
 10      10      10      10      10      10      10      10       3        1.7709639709153569e-05  
 10      10      10      10      10      10      10      10       4        2.3325849846717146e-05  
 10      10      10      10      10      10      10      10       5       -3.8198500476032906e-05  
 10      10      10      10      10      10      10      10       6       -9.7027808371503343e-06  
 10      10      10      10      10      10      10      10       7        1.7158458080799171e-05  
 10      10      10      10      10      10      10      10       8        3.1607525206786242e-05  
 10      10      10      10      10      10      10      10       9        4.4135349010057986e-05  
 10      10      10      10      10      10      10      10      10       -3.3397846675376360e-05  
 10      10      10      10      10      10      10      10      11       -1.5396624758703670e-05  
 10      10      10      10      10      10      10      10      12        1.1043911171360660e-05  
 10      10      10      10      10      10      10      10      13        2.4392885254856876e-05  
 10      10      10      10      10      10      10      10      14        3.6831673590323642e-05  
 10      10      10      10      10      10      10      10      15        3.8164732696144548e-06  
 10      10      10      10      10      10      10      10      16       -2.4343497479204150e-05  
 10      10      10      10      10      10      10      10      17       -2.3357546905809943e-07  
 10      10      10      10      10      10      10      10      18        1.4091238376537623e-05  
 10      10      10      10      10      10      10      10      19        2.5498915073042512e-05  
 10      10      10      10      10      10      10      10      20       -3.3567604277932982e-05  
 10      10      10      10      10      10      10      10      21       -3.2019212350182197e-05  
 10      10      10      10      10      10      10      10      22       -1.0797691065436138e-05  
 10      10      10      10      10      10      10      10      23        1.7582604050622152e-06  
 10      10      10      10      10      10      10      10      24        1.2846695937315544e-05  
 10      10      10      10      10      10      10      10      25        2.8972848859841272e-06  
 10      10      10      10      10      10      10      10      26        2.2537066070823600e-06  
 10      10      10      10      10      10      10      10      27       -1.5888753796208221e-06  
 10      10      10      10      10      10      10      10      28       -2.7258913263668031e-06  
 10      10      10      10      10      10      10      10      29        8.3274369171447419e-06  
 10      10      10      10      10      10      10      10      30        6.1927989759700437e-06  
 10      10      10      10      10      10      10      10      31        2.8668392393829253e-06  
 10      10      10      10      10      10      10      10      32       -3.6318023249508653e-06  
 10      10      10      10      10      10      10      10      33        3.3950712741018592e-06  
 10      10      10      10      10      10      10      10      34        7.2404677047470603e-06  
 10      10      10      10      10      10      10      10      35        6.2200027795835411e-06  
 10      10      10      10      10      10      10      10      36       -2.1306399921533996e-06  
 10      10      10      10      10      10      10      10      37        1.0137798759241930e-05  
 10      10      10      10      10      10      10      10      38        9.9651080151940540e-06  
 10      10      10      10      10      10      10      10      39        9.5537621634326822e-06  
 10      10      10      10      10      10      10      10      40        2.7036584727834320e-06  
 15      15      15      15      15       0       0       0       0       -1.1328169090046686e-01  
 15      15      15      15      15       0       0       0       1        3.7505024206996307e-03  
 15      15      15      15      15       0       0       0       2        2.2319472494383544e-02  
 15      15      15      15      15       0       0       0       3       -1.9271419167529429e-02  
 15      15      15      15      15       0       0       0       4       -4.6720573359767799e-05  
 15      15      15      15      15       0       0       0       5        8.5525993944536912e-03  
 15      15      15      15      15       0       0       0       6        3.4789647813278077e-02  
 15      15      15      15      15       0       0       0       7        1.5276449535294076e-02  
 15      15      15      15      15       0       0       0       8        8.7346429250893878e-03  
 15      15      15      15      15       0       0       0       9        1.9564585304954053e-03  
 15      15      15      15      15       0       0       0      10        1.2166677567472904e-02  
 15      15      15      15      15       0       0       0      11        2.2428540273808115e-02  
 15      15      15      15      15       0       0       0      12        8.7680179851067647e-03  
 15      15      15      15      15       0       0       0      13        8.1914162046892135e-03  
 15      15      15      15      15       0       0       0      14        6.2406110052463191e-03  
 15      15      15      15      15       0       0       0      15        2.1015257915859458e-04  
 15      15      15      15      15       0       0       0      16        2.2080846307278900e-03  
 15      15      15      15      15       0       0       0      17       -6.6179111815328423e-03  
 15      15      15      15      15       0       0       0      18       -1.0390433834953671e-03  
 15      15      15      15      15       0       0       0      19       -3.3789386883819679e-03  
 15      15      15      15      15       0       0       0      20        2.9136211530476413e-03  
 15      15      15      15      15       0       0       0      21        6.2972207062769910e-03  
 15      15      15      15      15       0       0       0      22        6.4517091535974463e-03  
 15      15      15      15      15       0       0       0      23        2.8873514939241301e-03  
 15      15      15      15      15       0       0       0      24        5.9283210669808174e-04  
 15      15      15      15      15       0       0       0      25       -4.3874382844543590e-03  
 15      15      15      15      15       0       0       0      26        8.4049885813226154e-03  
 15      15      15      15      15       0       0       0      27       -4.5329376893077471e-03  
 15      15      15      15      15       0       0       0      28        1.9388154207659547e-04  
 15      15      15      15      15       0       0       0      29        1.0744486464697154e-03  
 15      15      15      15      15       0       0       0      30       -1.0104095691172302e-02  
 15      15      15      15      15       0       0       0      31       -9.8209662053546504e-04  
 15      15      15      15      15       0       0       0      32       -1.5862741851998873e-03  
 15      15      15      15      15       0       0       0      33        5.9551560406314683e-03  
 15      15      15      15      15       0       0       0      34        5.7509914254744695e-03  
 15      15      15      15      15       0       0       0      35        7.9649556768251906e-03  
 15      15      15      15      15       0       0       0      36        6.4474917154217631e-03  
 15      15      15      15      15       0       0       0      37       -1.9760272396186196e-03  
 15      15      15      15      15       0       0       0      38        3.2657643589523947e-04  
 15      15      15      15      15       0       0       0      39        6.4090356086173993e-04  
 15      15      15      15      15       0       0       0      40        1.4082589622237591e-03  
 15      15      15      15      15      15       0       0       0       -6.5585856397165770e-03  
 15      15      15      15      15      15       0       0       1       -2.5681312704331563e-02  
 15      15      15      15      15      15       0       0       2       -1.0837678402480722e-02  
 15      15      15      15      15      15       0       0       3       -5.5143450196206284e-03  
 15      15      15      15      15      15       0       0       4        2.5952129248946070e-03  
 15      15      15      15      15      15       0       0       5       -8.3307924867268707e-03  
 15      15      15      15      15      15       0       0       6       -1.4592025785345355e-02  
 15      15      15      15      15      15       0       0       7       -9.7753901740102334e-03  
 15      15      15      15      15      15       0       0       8       -7.7096022449329232e-03  
 15      15      15      15      15      15       0       0       9       -3.8021183077339839e-03  
 15      15      15      15      15      15       0       0      10       -6.2422194672439859e-03  
 15      15      15      15      15      15       0       0      11       -1.2356109087915089e-02  
 15      15      15      15      15      15       0       0      12       -9.8631018389987619e-03  
 15      15      15      15      15      15       0       0      13       -8.2717065946869665e-03  
 15      15      15      15      15      15       0       0      14       -4.5755067533553460e-03  
 15      15      15      15      15      15       0       0      15       -1.8622949812604455e-03  
 15      15      15      15      15      15       0       0      16       -3.9231416187068000e-03  
 15      15      15      15      15      15       0       0      17       -3.9208068855945653e-03  
 15      15      15      15      15      15       0       0      18       -5.2090206427279108e-03  
 15      15      15      15      15      15       0       0      19       -2.8992576562312483e-03  
 15      15      15      15      15      15       0       0      20       -1.6067332147513790e-03  
 15      15      15      15      15      15       0       0      21       -2.8355386355458133e-03  
 15      15      15      15      15      15       0       0      22       -2.9733546897889708e-03  
 15      15      15      15      15      15       0       0      23       -2.1845412475759688e-03  
 15      15      15      15      15      15       0       0      24       -1.3854727786833645e-03  
 15      15      15      15      15      15       0       0      25        2.1063177637208465e-03  
 15      15      15      15      15      15       0       0      26        3.0659315779576414e-03  
 15      15      15      15      15      15       0       0      27        2.8247822785438218e-03  
 15      15      15      15      15      15       0       0      28        1.8730649547012005e-03  
 15      15      15      15      15      15       0       0      29        4.1959057876276200e-03  
 15      15      15      15      15      15       0       0      30        5.4541378375254027e-03  
 15      15      15      15      15      15       0       0      31        4.5263522768300857e-03  
 15      15      15      15      15      15       0       0      32        3.7310702341866952e-03  
 15      15      15      15      15      15       0       0      33        2.8005625815246652e-03  
 15      15      15      15      15      15       0       0      34       -1.3302364890975501e-03  
 15      15      15      15      15      15       0       0      35        1.7844852482603508e-03  
 15      15      15      15      15      15       0       0      36        3.4113354683764432e-03  
 15      15      15      15      15      15       0       0      37        1.1740852097783141e-03  
 15      15      15      15      15      15       0       0      38        1.1845665162638448e-03  
 15      15      15      15      15      15       0       0      39        2.2989698242520343e-03  
 15      15      15      15      15      15       0       0      40        2.2399397973995182e-03  
 15      15      15      15      15      15      15       0       0       -2.1155249863368175e-03  
 15      15      15      15      15      15      15       0       1        1.8717279690561191e-03  
 15      15      15      15      15      15      15       0       2        2.9722132254967975e-04  
 15      15      15      15      15      15      15       0       3        2.0675268402293085e-03  
 15      15      15      15      15      15      15       0       4        5.5330401846632244e-05  
 15      15      15      15      15      15      15       0       5        1.7669765775182923e-04  
 15      15      15      15      15      15      15       0       6        3.3347255858934868e-04  
 15      15      15      15      15      15      15       0       7        2.2583594896474643e-04  
 15      15      15      15      15      15      15       0       8        2.7171606740943369e-04  
 15      15      15      15      15      15      15       0       9        1.2526239671941869e-04  
 15      15      15      15      15      15      15       0      10        1.2447631095104092e-04  
 15      15      15      15      15      15      15       0      11        5.6269844929906663e-04  
 15      15      15      15      15      15      15       0      12        3.5001483444750258e-04  
 15      15      15      15      15      15      15       0      13        1.9146660759917578e-04  
 15      15      15      15      15      15      15       0      14        7.5642134056378809e-05  
 15      15      15      15      15      15      15       0      15        9.3625007212251669e-05  
 15      15      15      15      15      15      15       0      16        1.7084246695772118e-04  
 15      15      15      15      15      15      15       0      17        1.2558282937782911e-04  
 15      15      15      15      15      15      15       0      18        1.2488799836638418e-04  
 15      15      15      15      15      15      15       0      19        1.3942078135502082e-04  
 15      15      15      15      15      15      15       0      20       -6.9843687401882312e-05  
 15      15      15      15      15      15      15       0      21       -1.4026361937909677e-04  
 15      15      15      15      15      15      15       0      22       -1.0865356301609070e-04  
 15      15      15      15      15      15      15       0      23        1.4192132095697051e-08  
 15      15      15      15      15      15      15       0      24        5.6206623184198069e-05  
 15      15      15      15      15      15      15       0      25        5.8346392498347266e-05  
 15      15      15      15      15      15      15       0      26       -3.2264478545356549e-04  
 15      15      15      15      15      15      15       0      27       -1.5382756963632416e-04  
 15      15      15      15      15      15      15       0      28       -1.7467313551049193e-04  
 15      15      15      15      15      15      15       0      29       -2.9867102271331812e-04  
 15      15      15      15      15      15      15       0      30       -1.7366211661396747e-04  
 15      15      15      15      15      15      15       0      31       -4.4378254483106084e-04  
 15      15      15      15      15      15      15       0      32       -2.1733470954064419e-04  
 15      15      15      15      15      15      15       0      33       -1.2942766076016896e-04  
 15      15      15      15      15      15      15       0      34       -1.9186566709880276e-04  
 15      15      15      15      15      15      15       0      35       -2.8795968723062577e-04  
 15      15      15      15      15      15      15       0      36       -2.5810298635479652e-04  
 15      15      15      15      15      15      15       0      37       -4.2708106018273579e-05  
 15      15      15      15      15      15      15       0      38       -1.2971921343102284e-04  
 15      15      15      15      15      15      15       0      39       -1.3397301649544760e-04  
 15      15      15      15      15      15      15       0      40       -9.4160723114541952e-05  
 15      15      15      15      15      15      15      15       0        5.9899584547320453e-04  
 15      15      15      15      15      15      15      15       1        1.7136902681795955e-04  
 15      15      15      15      15      15      15      15       2        1.0426565847072748e-04  
 15      15      15      15      15      15      15      15       3       -7.4757933754374117e-05  
 15      15      15      15      15      15      15      15       4       -7.2798049227942540e-05  
 15      15      15      15      15      15      15      15       5        1.0951117883256989e-04  
 15      15      15      15      15      15      15      15       6        1.4047616700975190e-04  
 15      15      15      15      15      15      15      15       7        1.1708916777982254e-04  
 15      15      15      15      15      15      15      15       8        9.6717175340793997e-05  
 15      15      15      15      15      15      15      15       9        5.2405083954418122e-05  
 15      15      15      15      15      15      15      15      10        8.8877395331821068e-05  
 15      15      15      15      15      15      15      15      11        1.0987181528252620e-04  
 15      15      15      15      15      15      15      15      12        1.1965204580926766e-04  
 15      15      15      15      15      15      15      15      13        1.1366356787149801e-04  
 15      15      15      15      15      15      15      15      14        6.0284260733164999e-05  
 15      15      15      15      15      15      15      15      15        2.9749691801331033e-05  
 15      15      15      15      15      15      15      15      16        6.0081817161309725e-05  
 15      15      15      15      15      15      15      15      17        6.6972831575338708e-05  
 15      15      15      15      15      15      15      15      18        8.0162450316982674e-05  
 15      15      15      15      15      15      15      15      19        3.0237726580075469e-05  
 15      15      15      15      15      15      15      15      20        4.2995785132588810e-05  
 15      15      15      15      15      15      15      15      21        7.5737707091447294e-05  
 15      15      15      15      15      15      15      15      22        6.6581990920397337e-05  
 15      15      15      15      15      15      15      15      23        3.7293874390750374e-05  
 15      15      15      15      15      15      15      15      24        1.6004073093636827e-05  
 15      15      15      15      15      15      15      15      25       -1.8217470823416186e-05  
 15      15      15      15      15      15      15      15      26       -4.4307415003024424e-06  
 15      15      15      15      15      15      15      15      27       -1.1634408525459847e-05  
 15      15      15      15      15      15      15      15      28       -1.1057141494228166e-05  
 15      15      15      15      15      15      15      15      29       -3.4688865326380040e-05  
 15      15      15      15      15      15      15      15      30       -3.8546711611886645e-05  
 15      15      15      15      15      15      15      15      31       -1.2198458647418963e-05  
 15      15      15      15      15      15      15      15      32       -3.5363657848728223e-05  
 15      15      15      15      15      15      15      15      33       -6.0963526454490284e-05  
 15      15      15      15      15      15      15      15      34        6.8433618554079593e-05  
 15      15      15      15      15      15      15      15      35        5.6539502452674831e-06  
 15      15      15      15      15      15      15      15      36       -4.1807820701042758e-05  
 15      15      15      15      15      15      15      15      37       -2.3088528825392879e-05  
 15      15      15      15      15      15      15      15      38       -1.3355791323881905e-05  
 15      15      15      15      15      15      15      15      39       -3.4358332646228270e-05  
 15      15      15      15      15      15      15      15      40       -3.7349737119647727e-05  
